(39206219,(3.08009526E8,9.2285283E7))
(90111000,(2.7625701E7,141831.0))
(93040000,(3.9267248E7,1687096.0))
(8062090,(1.5705212E7,5591757.0))
(7099100,(3.5383747E7,2.1761443E7))
(54026100,(1.0816639E7,1235979.0))
(84829900,(5.87774382E8,8.1699841E7))
(72222039,(2.8713705E7,8008260.0))
(84243090,(7.0917142E7,3695047.0))
(95084000,(6044863.0,477613.0))
(39206100,(7.2178088E7,1.2034517E7))
(28417000,(2.5729335E7,1118461.0))
(1063300,(9725.0,87.0))
(55152211,(16819.0,146.0))
(33069000,(1.41200534E8,3.3435384E7))
(22042285,(7280.0,473.0))
(39151010,(1.0572886E7,4.4767757E7))
(15041099,(1449898.0,96765.0))
(15050010,(125667.0,54661.0))
(20089712,(95466.0,6259.0))
(2031110,(2.44684728E8,1.04450982E8))
(41032000,(1.20807363E8,427882.0))
(41039000,(1560355.0,1270351.0))
(41069100,(6542.0,373.0))
(82079050,(2254311.0,20269.0))
(84073410,(9.85608861E8,1.10921909E8))
(64039113,(2.5605345E8,7612309.0))
(46019910,(954600.0,128576.0))
(16041441,(8905474.0,1272558.0))
(35011010,(44084.0,360.0))
(95030079,(1.748317E7,542169.0))
(90041091,(7.11480425E8,3474069.0))
(20089936,(129263.0,53137.0))
(20087031,(60.0,2.0))
(8111090,(9.054732E7,5.9598923E7))
(12093000,(2.46246E7,923699.0))
(29051410,(1.61067499E8,1.51202199E8))
(84099100,(9.20377145E8,5.0359637E7))
(22086091,(1637237.0,129787.0))
(72072015,(5.8225368E7,6.4676539E7))
(44072590,(2248069.0,1396933.0))
(87037000,(2.25059322E8,9177862.0))
(72224090,(1.4049613E7,1546439.0))
(72052100,(1.2217309E7,1253670.0))
(20099071,(39395.0,30589.0))
(29394900,(1544.0,119.0))
(39207990,(3.0144888E7,6495617.0))
(41079110,(888107.0,134079.0))
(84834051,(3.77174069E8,1.8830339E7))
(78019100,(7469948.0,3017010.0))
(89059010,(2.54165425E8,7.8033329E7))
(51119010,(858836.0,15877.0))
(61059090,(1.5419793E7,345685.0))
(28445000,(34378.0,55.0))
(44182980,(9.0981146E7,2.535912E7))
(84146000,(1.30484964E8,1.3024218E7))
(38051030,(56201.0,4845.0))
(3034490,(71421.0,8491.0))
(84433280,(1.516868E7,365108.0))
(4069013,(4.23237476E8,7.9800992E7))
(85352100,(1.15588625E8,4644972.0))
(90292090,(2211946.0,17517.0))
(17041010,(3.0012197E7,4689838.0))
(73062900,(112113.0,4400.0))
(58013300,(2907055.0,103494.0))
(38160090,(2.3333848E8,3.97627973E8))
(84213200,(2.89756076E8,5692416.0))
(26202900,(5.049125E7,9.3407688E7))
(84279000,(1.16157555E8,2.0317251E7))
(82141000,(1.1591879E7,866543.0))
(95061180,(5811892.0,104283.0))
(87012290,(1.2242605E7,4386243.0))
(79011210,(2141077.0,747009.0))
(55099200,(130671.0,3011.0))
(76151080,(4.27029483E8,3.804738E7))
(29397910,(2.0698797E7,256295.0))
(70132210,(1.5502011E7,276895.0))
(63039100,(2.2159602E7,2546366.0))
(84825000,(3.50083648E8,5314600.0))
(84672953,(1.05737E7,724800.0))
(28042990,(5.8509944E7,2196415.0))
(2109979,(70419.0,4581.0))
(8104090,(1488751.0,301108.0))
(39201081,(3179595.0,450639.0))
(85312095,(1.3253024E8,1022668.0))
(84211100,(1299890.0,29708.0))
(61071900,(4656082.0,111270.0))
(84079080,(4139542.0,322791.0))
(22090011,(2.1579651E7,9077064.0))
(41012050,(426888.0,138547.0))
(22042180,(6.56423157E8,2.00640009E8))
(90031900,(3.00499237E8,1478349.0))
(65069100,(1.6215702E7,492050.0))
(23091053,(1021368.0,555511.0))
(29264000,(2093.0,546.0))
(1061900,(6.431702E7,1559846.0))
(27101245,(8.14050759E8,9.6415368E8))
(42021219,(3.34958945E8,2681646.0))
(37069052,(2280.0,8.0))
(84081089,(4.1499841E7,1455236.0))
(84238281,(430276.0,11235.0))
(72029980,(4.8775633E7,5.5151135E7))
(73202081,(9.9449822E7,1.5923828E7))
(62044400,(4.01197609E8,8499182.0))
(72119020,(1.0599547E7,8059324.0))
(52054700,(4309029.0,400893.0))
(29334910,(1.2078179E7,216530.0))
(4052010,(1.4731003E7,3061468.0))
(73121049,(1.7040057E7,3339451.0))
(84732110,(771015.0,7418.0))
(20049091,(3.1087587E7,1.204358E7))
(87149910,(8981071.0,264872.0))
(41071291,(3.6446146E7,1068292.0))
(84431334,(6.4020356E7,2068041.0))
(80020000,(6281245.0,405532.0))
(11042240,(578952.0,2210331.0))
(16041448,(2.4091762E7,3314135.0))
(20093919,(670068.0,195274.0))
(48196000,(1.24455312E8,4.4054208E7))
(73121098,(1.4297793E7,3446584.0))
(84834023,(4.4877131E7,2245488.0))
(10061050,(34384.0,35767.0))
(29189940,(2276553.0,154315.0))
(29051200,(9.3148673E7,6.8282261E7))
(68052000,(7.7700888E7,5997965.0))
(70042099,(804238.0,138373.0))
(27040030,(1.8997198E7,6.8495533E7))
(88062210,(5.118167E7,95430.0))
(6042040,(1275599.0,633409.0))
(3047930,(1449928.0,204333.0))
(46019210,(26466.0,6879.0))
(96039091,(9.5253E7,1.7282033E7))
(50072069,(8560120.0,172979.0))
(61169900,(1.2264968E7,417558.0))
(62046318,(4.30167351E8,1.3306968E7))
(28256000,(5.8894637E7,6810379.0))
(86029000,(2739972.0,214565.0))
(51130000,(788706.0,19780.0))
(28419030,(315930.0,16085.0))
(91149090,(2.42008103E8,290442.0))
(3036310,(4364938.0,523176.0))
(64021900,(2.00540996E8,5197575.0))
(60031000,(245412.0,11752.0))
(72149190,(8353025.0,7508674.0))
(39201025,(4.60946174E8,1.38003307E8))
(39259020,(1.61998484E8,2.7258249E7))
(72249038,(1.02002695E8,1.27620405E8))
(71161000,(3240776.0,21215.0))
(33030010,(4.62181591E9,1.00204663E8))
(85291011,(1.9365538E7,564050.0))
(63053219,(1.35602481E8,5.6709096E7))
(29026000,(1.7661688E7,1.8951303E7))
(51021990,(6102.0,169.0))
(20083090,(1.3808434E7,5654761.0))
(2072620,(46757.0,13063.0))
(38249200,(4134814.0,778136.0))
(7131090,(8.8830289E7,2.66672626E8))
(67030000,(6553117.0,54672.0))
(15043010,(8770.0,1.0))
(28391100,(2514778.0,2768052.0))
(20079933,(1.21774909E8,3.1250051E7))
(72282099,(7012448.0,4253598.0))
(37025400,(3174708.0,35629.0))
(62022000,(5.08931541E8,3520693.0))
(54033100,(1.0721667E7,935126.0))
(85372099,(2.55321158E8,6262957.0))
(3028939,(3206309.0,987736.0))
(85287210,(8902588.0,210141.0))
(31043000,(4.2276177E7,7.5725685E7))
(8055090,(5.4563141E7,3.3756081E7))
(8031010,(4.134315E7,3.6464969E7))
(44219100,(2.0503396E7,4821398.0))
(56089000,(1.28292E7,1020740.0))
(85189000,(7.7614325E7,1910365.0))
(40021910,(3.1397351E7,1.6580144E7))
(28342100,(2.1042323E7,1.902456E7))
(30059031,(5.8792102E7,4696064.0))
(12040010,(1.3766834E7,6727290.0))
(29161100,(9.4823167E7,7.0385101E7))
(82077090,(8.3628411E7,677050.0))
(28441010,(2000.0,1.0))
(71081200,(5.012705073E9,93654.0))
(22041011,(4.388241474E9,1.374979E8))
(29369000,(1.00659614E8,7433346.0))
(52051200,(7595566.0,2060198.0))
(39235010,(4.90256059E8,6.6783724E7))
(17031000,(3.0353559E7,1.17216685E8))
(85177100,(1.31006113E8,2583026.0))
(35051050,(3.25123962E8,2.40009811E8))
(87087050,(5.25669773E8,6.5468053E7))
(30049000,(3.1251646554E10,6.46867839E8))
(84185011,(3.9311368E7,4059481.0))
(48102200,(2.30378883E8,2.35540292E8))
(44187390,(1251327.0,486618.0))
(48182091,(3.30582769E8,1.71538888E8))
(56031110,(4165780.0,749891.0))
(27101987,(2.78454671E8,7.5185843E7))
(3021400,(1.439351211E9,1.57178167E8))
(85042210,(4.0653051E7,4788209.0))
(2045019,(115358.0,22635.0))
(82119300,(6.4251503E7,2465260.0))
(84143081,(4.72017926E8,4.2486694E7))
(18061015,(2345343.0,387855.0))
(7097000,(2.0056194E7,1.7779936E7))
(44039900,(1.03366007E8,8.93873938E8))
(82071910,(6503516.0,359942.0))
(1061410,(622745.0,26084.0))
(40121100,(7796186.0,1380050.0))
(96032980,(2.8552248E7,1371200.0))
(85333900,(3083306.0,49362.0))
(12114000,(39515.0,10524.0))
(59011000,(2182826.0,159008.0))
(85444920,(2.40222521E8,2.8584085E7))
(62034390,(1.64959709E8,3968640.0))
(3035330,(88442.0,33760.0))
(44101150,(9.3185705E7,6.6112463E7))
(44119490,(4.6839725E7,4.6516405E7))
(26219000,(1.0609918E7,9.125146E7))
(39204910,(1.1057656E8,3.140548E7))
(73072980,(1.31326383E8,5421926.0))
(57019090,(6105907.0,561510.0))
(28500020,(3.3589849E7,2560526.0))
(53110090,(6846372.0,1297087.0))
(95030030,(5.1610841E7,2144903.0))
(29037760,(37669.0,4611.0))
(2101950,(2.5909504E7,2671577.0))
(29043500,(190.0,15.0))
(84089041,(9.3366806E7,4517251.0))
(20087059,(75379.0,40317.0))
(84793010,(4457344.0,263742.0))
(85437010,(1341025.0,13825.0))
(84128080,(5.2974323E7,1501362.0))
(84604010,(2041382.0,44393.0))
(29173700,(2377231.0,1283907.0))
(38210000,(6.09884589E8,3.2664325E7))
(87044399,(418965.0,359725.0))
(20059920,(2434659.0,732912.0))
(17029075,(1.2806569E7,3075622.0))
(88052900,(7.0059904E7,204686.0))
(22083088,(1.7942548E7,3680337.0))
(85406000,(530397.0,430.0))
(76109010,(1.5288029E7,1420629.0))
(3063400,(9.1637208E7,5848608.0))
(7119050,(2577183.0,2887070.0))
(61161080,(1.33116737E8,6566301.0))
(8011200,(2310149.0,1937465.0))
(44119210,(1.12785231E8,3.06905494E8))
(32082010,(4.6314244E7,9069669.0))
(55169200,(6042098.0,219940.0))
(59039091,(4.6132609E7,2259156.0))
(84743100,(7.2207596E7,1.1831168E7))
(48237090,(6.3368E7,2.1993758E7))
(6049019,(2652024.0,228977.0))
(35029070,(1.1617013E7,374105.0))
(73023000,(1.23607036E8,1.9616381E7))
(87163980,(7.7425842E7,5.5759098E7))
(84013000,(8.80045251E8,783499.0))
(20082019,(63296.0,17547.0))
(87022090,(53908.0,69652.0))
(84244910,(1.12192719E8,7016526.0))
(35069110,(1.4743778E7,5016066.0))
(11022010,(8048910.0,9399350.0))
(9022000,(2.7645182E7,2743505.0))
(39173200,(4.56346429E8,5.7896777E7))
(3048700,(7.9071408E7,8541485.0))
(8133000,(4357284.0,2176930.0))
(2071430,(6.5208943E7,3.6470723E7))
(87114000,(5.58556442E8,1.9400395E7))
(89033390,(1144954.0,22285.0))
(70080081,(4.5209988E7,1.9343124E7))
(83089000,(7.04074029E8,6522069.0))
(67041900,(3.0228999E7,1995569.0))
(42023900,(2.4528896E7,630935.0))
(61169200,(6642553.0,642770.0))
(73181900,(3.59466741E8,5.1231144E7))
(90132000,(2.75926296E8,571520.0))
(38122010,(288139.0,46662.0))
(39206212,(1893383.0,63600.0))
(81021000,(5529627.0,81793.0))
(94056120,(4.1909905E7,1584469.0))
(63023210,(1.1274352E7,2018639.0))
(7132000,(4.1589817E7,3.768904E7))
(86069180,(3621224.0,1598910.0))
(2071360,(2.6245379E8,1.13748245E8))
(11031950,(3971644.0,5650076.0))
(33019090,(3.9548297E7,2920533.0))
(68129910,(38492.0,85.0))
(4021091,(3220119.0,755777.0))
(69074000,(4.9194642E7,3.2258831E7))
(29157040,(1.7741485E7,6847740.0))
(3047300,(4.4615753E7,8180764.0))
(12129120,(54547.0,890296.0))
(40151900,(1.85344797E8,2.0662215E7))
(20092911,(142.0,50.0))
(29336940,(5614278.0,5995678.0))
(74181010,(6663274.0,353391.0))
(44072996,(1.0031553E7,8624434.0))
(84451200,(5642966.0,125963.0))
(29349960,(2158668.0,29630.0))
(3056400,(13762.0,343.0))
(6022020,(3.9804261E7,1.0059725E7))
(62113231,(2957227.0,76130.0))
(84391000,(1.8892028E7,662507.0))
(81126910,(5662073.0,1157133.0))
(29181400,(9.261655E7,5.1607063E7))
(68091900,(5.622759E7,1.08915415E8))
(6031400,(1.4735611E7,2666919.0))
(7129011,(4.4374203E7,1780450.0))
(75021000,(7.67793322E8,4.0882428E7))
(8028000,(529789.0,97380.0))
(30042000,(1.398475386E9,1.2893813E7))
(72193290,(3.6823689E7,1.5579309E7))
(85444290,(1.71839999E9,6.428166E7))
(63062900,(1.4026555E7,1413732.0))
(71021000,(2.357796E7,716.0))
(29371100,(3.6044096E7,45.0))
(55151210,(1.1862685E7,3005589.0))
(62014090,(2.67061515E8,6651927.0))
(39239000,(7.44279054E8,1.85494939E8))
(48063000,(4339226.0,866573.0))
(94059200,(1.9937234E7,937591.0))
(52093200,(2.3195859E7,1410495.0))
(85041020,(6453549.0,251098.0))
(17021900,(2.3331855E7,1.5817672E7))
(96161010,(1.19428536E8,8022895.0))
(39092000,(4.1963902E7,4.0086255E7))
(49019900,(1.715529079E9,1.80014561E8))
(20083055,(2920170.0,1693943.0))
(63079091,(1.055312E7,1068911.0))
(30069300,(6.9601813E7,38053.0))
(62034950,(4421490.0,117037.0))
(64062010,(2.0232036E7,1419782.0))
(33012979,(1.2202153E7,335907.0))
(39123920,(1.0465372E7,831954.0))
(72222011,(3.3536461E7,4891482.0))
(24012085,(8.9954042E7,1.6193937E7))
(20088039,(2815.0,54.0))
(21039010,(481314.0,155273.0))
(52084100,(1153146.0,23244.0))
(72029910,(1505021.0,1904882.0))
(88051010,(1.8325628E7,25857.0))
(15156011,(30849.0,1857.0))
(73089059,(6.05466296E8,3.0647874E8))
(84818063,(1.33934724E8,3562234.0))
(59069100,(3572367.0,333082.0))
(68159100,(5.5467053E7,5.1648774E7))
(30025900,(2.2115116E8,184199.0))
(73219000,(8.5609467E7,1.6879417E7))
(61031090,(6967280.0,329163.0))
(55131120,(2759145.0,311157.0))
(60019100,(1.3751635E7,996629.0))
(87033290,(1.309444462E9,1.76049895E8))
(76151010,(5.4619221E7,6754517.0))
(84538000,(8181676.0,224819.0))
(56081930,(3.1121105E7,4868604.0))
(4039011,(1.1856245E7,7215425.0))
(48239085,(2.81161143E8,1.531259E8))
(28333000,(662025.0,92265.0))
(84295191,(2.31556042E8,2.7186851E7))
(51032000,(766873.0,196933.0))
(29212900,(6.3653308E7,7259793.0))
(52085990,(1.2909023E7,455328.0))
(38089110,(1.76545722E8,2.4109572E7))
(10019120,(5.2430254E7,1.539895E8))
(73269050,(4.1668277E7,8455521.0))
(40169400,(6112298.0,1066755.0))
(52081300,(3337774.0,525696.0))
(7099310,(2.24458023E8,1.88926403E8))
(11029010,(1381699.0,1431537.0))
(85192010,(381078.0,10158.0))
(84142080,(2.5806107E7,2371873.0))
(28273500,(2.3906922E7,4801216.0))
(82075060,(5.4001495E7,1976778.0))
(84603100,(1.2657184E7,364765.0))
(63062200,(2.25554709E8,2.3868822E7))
(84137089,(9.5189085E7,4143271.0))
(12023000,(1627711.0,848388.0))
(26190020,(1.6398324E7,4.78070511E8))
(82029980,(3.2119703E7,1117803.0))
(20096110,(2.0525796E7,3.6937082E7))
(74010000,(7072980.0,2218239.0))
(13021970,(4.39233863E8,1.619092E7))
(41151000,(1.0984645E7,955851.0))
(84323919,(1.03008687E8,7303776.0))
(25010051,(2.7098825E7,2.73766357E8))
(64029110,(5788515.0,460343.0))
(84101200,(1191801.0,31998.0))
(43023010,(4327.0,95.0))
(41044159,(307689.0,12802.0))
(64029950,(3.6418607E7,1729095.0))
(6042019,(379940.0,107008.0))
(83024110,(1.65118111E8,1.4423918E7))
(62032990,(3785439.0,128020.0))
(18063290,(4.17636036E8,7.5009103E7))
(60024000,(5326842.0,237711.0))
(8119070,(1.2246686E7,4744569.0))
(39043000,(4.3594013E7,2.3923498E7))
(25120000,(2.4633347E7,3.45011E7))
(76072099,(1.59930856E8,1.7046885E7))
(48203000,(6.1922149E7,1.5223203E7))
(38086100,(7146780.0,239556.0))
(39119013,(1.4907489E7,2064730.0))
(23091011,(1.419928474E9,6.60914207E8))
(86050000,(2.5088326E7,768326.0))
(7019090,(1.178044731E9,3.213134E9))
(46021100,(1.3919939E7,2739289.0))
(84223000,(5.5435732E8,1.3249779E7))
(68138100,(1.0138093E8,1.0755781E7))
(73221100,(7529926.0,2361936.0))
(3074950,(859899.0,140470.0))
(66039090,(1.5535519E7,1.1437478E7))
(39031100,(3.38259982E8,1.92525704E8))
(18032000,(1.9226174E7,5730557.0))
(96011000,(39170.0,1035.0))
(39231090,(1.239678204E9,4.24074228E8))
(35052030,(2018821.0,1241149.0))
(54077200,(1.5671792E7,559776.0))
(3047419,(1.7392173E7,4104157.0))
(72254015,(309159.0,9485.0))
(97040000,(6671102.0,12507.0))
(73053100,(4.2848418E7,3.5355245E7))
(84798960,(1.5768906E7,418326.0))
(85394100,(1.1890732E7,33891.0))
(9096200,(1696531.0,286386.0))
(3089090,(1393459.0,219698.0))
(61052090,(8264535.0,216187.0))
(84779010,(6.6735476E7,6238346.0))
(27131100,(5.9487491E7,4.23430567E8))
(52063100,(216146.0,40879.0))
(83040000,(1.6661539E7,1719760.0))
(63079098,(8.26371994E8,9.737074E7))
(72172010,(7013862.0,3435045.0))
(39095010,(1.089047E7,3950915.0))
(87149490,(3.102799E7,899200.0))
(54076990,(2.5323059E7,2464190.0))
(84581141,(5.1485249E7,2803372.0))
(84041000,(2.0658455E7,1244892.0))
(84602400,(1.3541205E7,423778.0))
(84733020,(1.320751658E9,6096333.0))
(48084000,(5.7947716E7,2.105973E7))
(85149030,(1.8805982E7,256302.0))
(22042131,(1037007.0,223621.0))
(55141200,(3935324.0,638390.0))
(16030010,(2909884.0,426973.0))
(28045090,(729488.0,11183.0))
(29141990,(5.6813355E7,4087499.0))
(44072191,(140490.0,111536.0))
(41021010,(1.7209639E7,9730410.0))
(61179000,(1.9140952E7,601962.0))
(48119000,(4.35573252E8,1.58929227E8))
(87042299,(1.38755192E8,8.2317956E7))
(54024700,(9508592.0,2112368.0))
(68030090,(2.700197E7,4.5644901E7))
(84111280,(1.0682858624E10,5730777.0))
(81029400,(1.8658624E7,306540.0))
(96091010,(2.1461616E7,2087291.0))
(29035100,(4.9669355E7,1344587.0))
(29182100,(3.3466625E7,8134927.0))
(70198010,(1.66299688E8,9.9100063E7))
(72125061,(8409143.0,7027521.0))
(4041034,(5894619.0,3225669.0))
(70052130,(4.0738777E7,4.6309007E7))
(2074531,(128672.0,77291.0))
(84321000,(1.02616828E8,1.0747522E7))
(62092000,(1.80788303E8,5345615.0))
(62141000,(4.3659395E8,650065.0))
(28309011,(2304798.0,8608151.0))
(27101966,(1.036169414E9,2.087049125E9))
(61043200,(3.5171743E7,686367.0))
(22042985,(466141.0,196916.0))
(29091100,(1873962.0,491846.0))
(3038410,(1275615.0,200005.0))
(62045100,(5.5845937E7,180460.0))
(10039000,(1.869319736E9,7.133700733E9))
(82015000,(3.3687264E7,1883894.0))
(63072000,(4.1270986E7,940821.0))
(20085092,(8261121.0,6239560.0))
(96062100,(1.486691E7,809655.0))
(48025620,(3.76665348E8,3.13872936E8))
(3038200,(2876311.0,597213.0))
(3045200,(1555158.0,168709.0))
(4039053,(2383166.0,2029558.0))
(32149000,(1.90066125E8,3.10936436E8))
(68062010,(1.1164611E7,6.7981637E7))
(40025900,(2.15523784E8,6.1523805E7))
(73261910,(2.49870913E8,6.1295359E7))
(26011100,(6.93076243E8,6.330578367E9))
(39039010,(919036.0,362644.0))
(38059010,(2087787.0,379586.0))
(2075210,(46966.0,7510.0))
(3054300,(1.8466153E7,835213.0))
(9101100,(2.4761376E7,8587612.0))
(48025515,(4.789601E7,3.1645253E7))
(61123910,(54170.0,1339.0))
(84814010,(1.66622779E8,4772061.0))
(90131090,(6.1788136E7,142031.0))
(94054139,(7.1263996E7,5693624.0))
(85287280,(2.25536641E8,8391271.0))
(84401010,(7726311.0,442538.0))
(2081090,(1547862.0,296163.0))
(29051620,(3126415.0,1252630.0))
(84832000,(8.3717685E7,7457609.0))
(74122000,(3.9665192E8,2.0815868E7))
(29314400,(466629.0,37548.0))
(85129010,(5771619.0,77938.0))
(71102900,(1.33557908E8,10560.0))
(40028000,(4436565.0,492402.0))
(45049020,(1.417177E7,941437.0))
(53082090,(96220.0,10258.0))
(85499100,(2972.0,772.0))
(84137075,(1.31614936E8,7212248.0))
(8093030,(1.01760301E8,6.3682465E7))
(29212200,(4.98823972E8,2.42832342E8))
(56012210,(5.4276012E7,2241504.0))
(52105100,(723909.0,68000.0))
(34031920,(1.4801991E7,3412131.0))
(87019290,(1.915452E7,1197625.0))
(84779080,(8.65737717E8,2.0480572E7))
(84128010,(1208107.0,33561.0))
(28369911,(1.5361183E7,3199962.0))
(85081900,(9.6172936E7,7332670.0))
(52114200,(4572909.0,105762.0))
(70031291,(15827.0,2842.0))
(84323100,(3.7625628E7,3084436.0))
(7115900,(2913054.0,1050124.0))
(84412000,(4.6941802E7,1055081.0))
(85353010,(1.01967875E8,5122020.0))
(44042000,(2.5041685E7,3.4649055E7))
(73063012,(9.667297E7,8.4263235E7))
(39173900,(3.77652326E8,4.7293633E7))
(90184990,(5.09781895E8,6225591.0))
(28319000,(25207.0,14099.0))
(85389011,(5.5349665E7,531890.0))
(24039910,(1.9839436E7,329835.0))
(83061000,(7936852.0,403920.0))
(56031390,(1.70622795E8,3.9854705E7))
(70133799,(1.0650793E8,4.660046E7))
(94042190,(1.37215044E8,2.219601E7))
(26100000,(6276879.0,1.586525E7))
(20089705,(445518.0,49309.0))
(16030080,(2.889374E7,4276584.0))
(10061071,(1876401.0,1774831.0))
(40103600,(2957414.0,53438.0))
(54076150,(7392092.0,759170.0))
(3069910,(559751.0,29060.0))
(48044198,(9207491.0,1.1517688E7))
(50072041,(1919446.0,3319.0))
(48042910,(3.1517445E7,2.6310885E7))
(90013000,(2.29340562E8,1392428.0))
(28443019,(1.2174892E7,220002.0))
(86072190,(4.6810192E7,3451256.0))
(85143990,(5.0359663E7,1381634.0))
(96190081,(4.24714091E8,1.32595756E8))
(87042131,(2.85558701E8,2.49368E7))
(35022091,(1.63389187E8,1.9953547E7))
(11082000,(7445189.0,2240722.0))
(72249031,(208565.0,262842.0))
(61042990,(8880125.0,572375.0))
(39219043,(1.4864248E7,3518625.0))
(62089200,(3.9385651E7,1537381.0))
(22089045,(1.4891364E7,1089167.0))
(20049098,(2.15114408E8,9.295725E7))
(60012100,(1087382.0,93701.0))
(15156060,(147.0,25.0))
(11081300,(1.36640888E8,1.36893058E8))
(61103099,(1.386095373E9,6.2946778E7))
(16029051,(1586266.0,277099.0))
(37079090,(5.0746545E7,2092569.0))
(90189050,(3.29024315E8,1.0811236E7))
(29389090,(2.59828907E8,4817202.0))
(15141990,(1.48515049E8,1.08497428E8))
(87149210,(2.3065501E7,1094544.0))
(21013019,(1964148.0,258503.0))
(10081000,(7965897.0,7692594.0))
(22089038,(5590431.0,1178288.0))
(48045990,(6805401.0,2582254.0))
(2109951,(1680.0,240.0))
(52122110,(445426.0,27632.0))
(84184080,(6.5888447E7,9961687.0))
(91021200,(1.20814721E8,728759.0))
(3019230,(3423564.0,108686.0))
(4051030,(1.24903116E8,2.109905E7))
(94051990,(1.88277503E8,9940470.0))
(32065000,(4167233.0,85498.0))
(29335995,(3.35326873E8,3672458.0))
(1051400,(539908.0,11182.0))
(28332930,(850051.0,173706.0))
(6023000,(8440280.0,2604908.0))
(33013000,(2.8327186E7,374463.0))
(84132000,(1.70708877E8,4099706.0))
(8083090,(1.39330322E8,1.07119926E8))
(70099100,(7.8536065E7,3.3873054E7))
(83012000,(1.9011044E8,8611917.0))
(29341000,(1.57274942E8,1160368.0))
(8039011,(8635606.0,6083472.0))
(87085055,(3.72698045E8,5.7318235E7))
(29161940,(111275.0,10872.0))
(4032011,(3.9832156E7,2.9685761E7))
(72043000,(1.08210696E8,3.17062814E8))
(90118000,(4.6641308E7,340994.0))
(68080000,(3.9978974E7,6.7895188E7))
(72287090,(7361130.0,2086222.0))
(54074400,(5353265.0,68694.0))
(29051900,(6.3755944E7,2.7244116E7))
(44101290,(3.1909565E7,6.0851572E7))
(25085000,(3.7643487E7,4.7547272E7))
(85423269,(8.7697177E7,51259.0))
(54023300,(3.5511324E7,1.1839189E7))
(72083600,(1.39402123E8,1.79027162E8))
(73064020,(7.1066688E7,1.2720314E7))
(55159190,(6171566.0,434415.0))
(51111100,(6207095.0,84752.0))
(84148051,(2.6390134E7,728778.0))
(84614090,(3352657.0,47310.0))
(17019100,(8655935.0,2822326.0))
(3063610,(922791.0,72978.0))
(15081090,(1.0513493E7,5624851.0))
(90272000,(1.73016332E8,884404.0))
(53013000,(1.28759867E8,1.66809667E8))
(38021000,(1.40551556E8,6.2122613E7))
(96200091,(7017687.0,1493723.0))
(85249200,(4519077.0,12546.0))
(86069110,(2326000.0,20460.0))
(87149630,(2.3080333E7,683514.0))
(90268080,(8.7082445E7,753716.0))
(94038900,(1.7888174E8,2.4832606E7))
(51031090,(139814.0,25563.0))
(29224100,(1.06922545E8,7.7647155E7))
(29299000,(2.4412211E7,1936465.0))
(28111100,(9.8242781E7,4.0542031E7))
(3069210,(245036.0,8301.0))
(72149995,(6688977.0,5255174.0))
(85287119,(2.0377783E7,338172.0))
(20098938,(2.2980412E7,5662966.0))
(7099940,(102015.0,17906.0))
(38089313,(2.9151305E7,1879609.0))
(54073000,(9114400.0,385285.0))
(20085071,(2915083.0,1524251.0))
(34042000,(6.1182136E7,2.3644388E7))
(4069069,(5.1700984E7,5259786.0))
(44083111,(792013.0,745360.0))
(87142000,(8.9144151E7,4619210.0))
(83099010,(1.87327142E8,1.3844875E7))
(27129091,(15556.0,1762.0))
(20089796,(81945.0,16774.0))
(76020019,(7.05915636E8,4.12195276E8))
(4022911,(1.4906465E7,4612767.0))
(85234920,(4.83673778E8,9546638.0))
(72284010,(2.0565396E7,5186293.0))
(3033300,(3427751.0,211752.0))
(61034100,(2.0076037E7,731037.0))
(29037620,(3862602.0,285779.0))
(73079399,(4433258.0,493075.0))
(88061090,(2040.0,76.0))
(7133400,(452203.0,366783.0))
(28352600,(9.2775628E7,8.0399329E7))
(20089999,(1.16805534E8,5.1201139E7))
(84834030,(8.8366868E7,1808246.0))
(47062000,(5.1337778E7,5.9915275E7))
(39191015,(1.09560568E8,2.2836816E7))
(84304900,(1.9141544E7,1472711.0))
(87141020,(3773362.0,64610.0))
(25199030,(3.3442046E7,9.1550929E7))
(87163910,(613659.0,236421.0))
(12129400,(2554069.0,6991512.0))
(28121600,(377917.0,212698.0))
(28443061,(273404.0,198012.0))
(85291095,(1.66567034E8,1181576.0))
(87091110,(103153.0,104739.0))
(62043210,(3636125.0,87492.0))
(62046339,(5509190.0,135143.0))
(54075100,(1.6147923E7,2201533.0))
(37031000,(1172577.0,168248.0))
(58030030,(8178.0,258.0))
(61112010,(1090967.0,130728.0))
(73239300,(3.72566065E8,4.3691915E7))
(55102000,(279706.0,14287.0))
(10063094,(1.3030206E7,8255205.0))
(62029000,(1.70516095E8,2391009.0))
(29032300,(1.4785757E7,1.1888305E7))
(82079071,(5845732.0,77433.0))
(29215119,(1.3436019E7,647777.0))
(90066900,(1599555.0,41288.0))
(94036030,(1.24404817E8,1.4149923E7))
(41062100,(424600.0,106871.0))
(39069040,(907371.0,91176.0))
(37079020,(2.45962047E8,8334683.0))
(52062400,(38824.0,4691.0))
(57041000,(428406.0,164525.0))
(39011010,(3.9084996E8,3.00074588E8))
(22042922,(1.1629472E7,5156450.0))
(15030011,(60211.0,32166.0))
(54072090,(9664362.0,1812991.0))
(84741000,(1.24143832E8,1.175035E7))
(22042222,(3.1601312E7,2146935.0))
(8023100,(5.6633757E7,2.4247855E7))
(85462000,(2.5716626E7,2502626.0))
(84342000,(6.4059929E7,1821721.0))
(3036611,(2391854.0,419492.0))
(52091100,(4258525.0,798693.0))
(44079310,(296605.0,343512.0))
(4069076,(1117970.0,147202.0))
(72091790,(4.37445627E8,5.24590708E8))
(94041000,(8.4092905E7,2.489565E7))
(54031000,(3058071.0,242786.0))
(43013000,(69864.0,1028.0))
(32151100,(1.10261128E8,1.4412194E7))
(29145000,(2.5844745E7,1172788.0))
(33021029,(1.02352929E8,7508105.0))
(39046920,(2.7104509E7,957519.0))
(29049100,(4365.0,1363.0))
(12092510,(7656258.0,5200731.0))
(29151300,(2446277.0,534216.0))
(39172290,(2.8064526E7,5314652.0))
(3031900,(109975.0,27389.0))
(17049081,(1.5809995E7,1969910.0))
(27139010,(421.0,1060.0))
(89020090,(95738.0,5483.0))
(3033930,(67067.0,14729.0))
(3055490,(242910.0,57363.0))
(3025110,(5.0874947E7,8035553.0))
(90229020,(1.025209688E9,8665581.0))
(25070020,(7.4799586E7,2.87417769E8))
(91021900,(4.3144874E7,295044.0))
(34011900,(1.34657656E8,6.9721917E7))
(72202089,(1.9759352E7,2819977.0))
(16052900,(1.074622E8,1.0481476E7))
(84286000,(8.8711085E7,5495110.0))
(72141000,(1.5000261E7,7159803.0))
(2074300,(2.4314338E7,854106.0))
(22042187,(388411.0,77185.0))
(76082081,(3.2578042E7,6609787.0))
(22060051,(3089023.0,2322679.0))
(4059010,(3.12724891E8,4.9970906E7))
(39253000,(1.23154543E8,1.1618012E7))
(44071400,(103967.0,71269.0))
(11042905,(364750.0,214869.0))
(20094199,(4.4033134E7,3.9303799E7))
(63019010,(848644.0,44957.0))
(84778093,(1.1240106E7,499293.0))
(3049540,(1564421.0,646606.0))
(8134050,(58726.0,32001.0))
(3076000,(2.5770815E7,2449709.0))
(59031090,(1.10776654E8,1.3461526E7))
(16041994,(2.1937244E7,2385551.0))
(48024010,(4194060.0,1400877.0))
(46012910,(1983349.0,492670.0))
(20089943,(1114129.0,698594.0))
(38063000,(7.8324687E7,2.7832666E7))
(2102090,(7.5793671E7,3904447.0))
(2071290,(2.00659407E8,1.00726713E8))
(28529000,(1118111.0,215914.0))
(3044430,(4.37483E7,6679630.0))
(29252100,(2772.0,965.0))
(4072100,(1.43751111E8,7.3887429E7))
(69109000,(2.07587997E8,6.6994416E7))
(38248500,(131903.0,3379.0))
(84581120,(2.18940515E8,8994949.0))
(3057100,(37315.0,1701.0))
(38119000,(2.46927799E8,5.5252507E7))
(2022010,(118525.0,17247.0))
(94062000,(3.938969E7,8292766.0))
(57050030,(9.8088567E7,1.9394733E7))
(97061000,(2.10320448E8,84626.0))
(81049000,(1.3565142E7,1247232.0))
(16023290,(4.4495244E7,8673057.0))
(40023100,(7109000.0,2088828.0))
(70051080,(4.958088E7,6.915893E7))
(3078100,(202170.0,18432.0))
(3025600,(245270.0,111408.0))
(4012019,(7335567.0,5438143.0))
(87113090,(1.02254886E8,4376243.0))
(9061900,(4576337.0,818820.0))
(4049021,(7.3707828E7,7.8765069E7))
(38221900,(3.418441982E9,4.0900837E7))
(19053111,(1.01377358E8,2.3972305E7))
(85013300,(2.1712305E7,590215.0))
(72210090,(4.540034E7,1.6516899E7))
(1022959,(2.5180331E8,7.1706576E7))
(38221200,(1.1936116E7,80551.0))
(85415100,(8819776.0,41448.0))
(28249000,(3654834.0,1148546.0))
(73158100,(5613819.0,2303347.0))
(3072290,(9.5239982E7,6466083.0))
(15071010,(3572013.0,3408261.0))
(72249003,(469810.0,89582.0))
(84349000,(1.13256191E8,4372638.0))
(32041200,(3.0200273E7,3232326.0))
(55151399,(1.5452659E7,515486.0))
(29159070,(2.26151751E8,3.7435994E7))
(87036090,(1.1019568E8,7598507.0))
(73181410,(4.7522113E7,3957118.0))
(25239000,(6.38229E7,4.9929801E8))
(63012010,(3335059.0,84098.0))
(73072910,(6.2898881E7,2130627.0))
(23091039,(144584.0,75845.0))
(28539010,(2.4491264E7,1.6040901E7))
(29163200,(1.003479E7,1172423.0))
(32141090,(8.7310334E7,8.8527123E7))
(87033311,(7.1239465E7,3618351.0))
(55152190,(2813621.0,109885.0))
(29329100,(29.0,1.0))
(25292200,(3833961.0,6330959.0))
(84253100,(1.3271162E8,4200744.0))
(61083100,(1.1363532E8,7529585.0))
(29394200,(2460724.0,35275.0))
(84219990,(9.72364736E8,4.0075918E7))
(20029099,(1.9512851E7,7415488.0))
(84803090,(5087035.0,283489.0))
(3028960,(610.0,83.0))
(84213935,(2.17842078E8,6224728.0))
(81110019,(8425937.0,1571864.0))
(3021120,(6.6229598E7,1.0291849E7))
(85119000,(3.25351135E8,4.4047146E7))
(7095600,(2.5385297E7,171582.0))
(72163190,(1.7738863E7,1.9882874E7))
(15162010,(7026663.0,2492349.0))
(20094192,(729466.0,510104.0))
(23023090,(2.7667786E7,2.26903195E8))
(87089997,(1.1241540183E10,2.165671045E9))
(29335400,(91354.0,1345.0))
(55032000,(1.17485251E8,8.3673775E7))
(4041006,(380553.0,364875.0))
(2075441,(2932.0,1919.0))
(39052100,(4.7675198E7,3.2699507E7))
(84821010,(1.10375253E8,2818201.0))
(56072900,(1760708.0,413720.0))
(2075581,(955893.0,357688.0))
(4101010,(313140.0,34822.0))
(94059900,(1.70525666E8,9466790.0))
(85369040,(2.6873695E7,1567273.0))
(21050091,(2.24816968E8,5.0194241E7))
(15011090,(6500748.0,4594869.0))
(90142080,(5.8672235E8,176104.0))
(52053300,(1160920.0,266477.0))
(87089220,(1.18803872E8,1.9351388E7))
(16041511,(4.350239E7,7557999.0))
(4029939,(6713801.0,2397151.0))
(19021100,(9.373647E7,4.2857326E7))
(70197100,(1.78497566E8,3.2810497E7))
(25169000,(1.6459456E7,2.28227352E8))
(7020000,(1.989672396E9,9.64579354E8))
(2072410,(3130213.0,860385.0))
(8011900,(3605319.0,3130273.0))
(88062910,(34295.0,1152.0))
(16041931,(319149.0,34738.0))
(85112000,(2948144.0,61747.0))
(51091010,(1248245.0,196783.0))
(61021010,(4.065456E7,234194.0))
(20019040,(116782.0,71390.0))
(92021010,(4386673.0,36879.0))
(62031100,(1.09599295E8,974724.0))
(58101010,(1.7286279E7,45325.0))
(29147100,(2357.0,16.0))
(55132100,(8147251.0,991099.0))
(13021200,(4.7856312E7,7004564.0))
(84879040,(1.5715611E7,2031461.0))
(7031011,(1.1468824E7,1.4469456E7))
(62082200,(2.8240631E7,1093692.0))
(39159011,(3.885796E7,8.1924158E7))
(90223000,(2.14029774E8,1053249.0))
(20089985,(4.1691949E7,1.5764023E7))
(2050080,(881688.0,448475.0))
(70109047,(7.0706517E7,7.4072958E7))
(84248970,(3.64750048E8,1.8714696E7))
(63053310,(7392054.0,1672994.0))
(38089327,(1.0224945E9,9.6599952E7))
(62034110,(8.6110853E7,777451.0))
(63025310,(6691672.0,1032184.0))
(68010000,(8.7395294E7,3.28384566E8))
(3025411,(6282690.0,1044541.0))
(28500090,(1188507.0,28975.0))
(84521011,(1.1141879E7,458085.0))
(6011030,(8284669.0,2572036.0))
(84482000,(2.5780196E7,830370.0))
(48044191,(9796293.0,9973887.0))
(96071900,(2.9874841E7,1214584.0))
(40093100,(1.28420233E8,9908364.0))
(84111210,(2.56406253E8,107671.0))
(91019100,(4930780.0,449.0))
(62064000,(4.77942955E8,1.1209847E7))
(92059090,(1.20678161E8,451624.0))
(49029000,(3.90216366E8,7.4786211E7))
(84314980,(2.055500477E9,2.68598157E8))
(11042989,(426119.0,84188.0))
(95066990,(3.3763529E7,3436260.0))
(29214300,(1.2396372E7,879798.0))
(47031900,(3513342.0,6352070.0))
(73269092,(1.70976217E8,3.805147E7))
(8091000,(6.895815E7,3.9936017E7))
(9012200,(2.61508914E8,1.4008416E7))
(26190097,(8038762.0,7.44514274E8))
(33041000,(1.237178111E9,1.4513211E7))
(72071980,(1.1602487E7,4051076.0))
(48052500,(1.53751863E8,3.00825926E8))
(74094000,(2.8030388E7,1754373.0))
(34039900,(4.18339201E8,7.3195896E7))
(8105000,(2.31610161E8,8.1980828E7))
(93033000,(4.1006373E7,318521.0))
(76061193,(1.935506E7,4641885.0))
(34070000,(5.2216763E7,9551299.0))
(34059010,(1.0848166E7,1527795.0))
(28263000,(1230490.0,2033131.0))
(73079980,(1.74493184E8,1.7163383E7))
(11031390,(1.8507613E7,1.7923393E7))
(84461000,(1078824.0,96079.0))
(29333300,(2323368.0,16386.0))
(87082290,(1.66761761E8,2.6560257E7))
(76071910,(1.21899625E8,1.6383205E7))
(59021010,(1.6909229E7,2773554.0))
(38276500,(3.96321E7,1592892.0))
(38089250,(9.47830923E8,4.8924835E7))
(76169910,(3.58337657E8,4.2650025E7))
(22042117,(2.92346501E8,3.1494049E7))
(29306000,(12128.0,454.0))
(61071200,(5.7914492E7,2353613.0))
(3044290,(2613723.0,208044.0))
(44079499,(56635.0,89555.0))
(48041111,(8.5879544E7,1.40611366E8))
(44201110,(4777399.0,328759.0))
(29202400,(766643.0,146531.0))
(11031110,(1.06485993E8,1.53015772E8))
(3024200,(4123836.0,1403010.0))
(24011070,(3742558.0,732043.0))
(6029048,(5.9387991E7,3.5260285E7))
(44071190,(1.30695907E8,2.92501145E8))
(2109300,(23977.0,577.0))
(2089070,(2.4031845E7,2633877.0))
(85043400,(1.09090189E8,1.1644801E7))
(88079010,(68718.0,376.0))
(95042000,(1.9933302E7,2869310.0))
(87029090,(8356404.0,504797.0))
(30059010,(2.2107431E7,2239001.0))
(63025100,(5.6066358E7,4636577.0))
(29321400,(1.1144422E7,317406.0))
(94044010,(9023417.0,743230.0))
(39059100,(1.34510014E8,2.0926128E7))
(28403000,(61859.0,18907.0))
(28011000,(1.4933344E7,4.1807447E7))
(57029100,(5182005.0,527234.0))
(74091900,(3.8632843E7,3968158.0))
(33012510,(1.072682E7,466139.0))
(20099092,(264119.0,385642.0))
(84622210,(7859606.0,509405.0))
(61159610,(1.8305903E7,861315.0))
(69120025,(5.9217186E7,2.1057052E7))
(9071000,(5851303.0,602438.0))
(2074510,(8.0088611E7,8129319.0))
(84283200,(6022768.0,351515.0))
(84079010,(2.8990479E7,2418102.0))
(85423290,(5.48115079E8,198700.0))
(22072000,(1.15081559E8,9.2950835E7))
(38256900,(5507676.0,1.5975248E7))
(3032600,(461137.0,25365.0))
(15132911,(3453.0,1287.0))
(20097930,(4361768.0,927003.0))
(29144090,(1.5164669E7,922946.0))
(20091119,(380506.0,199261.0))
(70111000,(2113773.0,198090.0))
(72269191,(1.9446668E7,1.8278907E7))
(3029100,(3400018.0,137260.0))
(87169090,(5.14182878E8,1.04330489E8))
(90191010,(7.109739E7,3592376.0))
(84072199,(1.14576987E8,2769018.0))
(90289010,(6.5069015E7,1162382.0))
(44191100,(1.7495599E7,6132803.0))
(3038921,(1514.0,263.0))
(55092200,(6551222.0,1290857.0))
(69139093,(2.0946045E7,5572337.0))
(84212920,(2.09818779E8,1296159.0))
(52122390,(3005541.0,100254.0))
(15019000,(7.0643471E7,5.7714586E7))
(44188300,(6316208.0,5094565.0))
(81042000,(1514499.0,270228.0))
(72166900,(2.5993387E7,7735899.0))
(61043900,(3.4414287E7,392187.0))
(29142200,(3322264.0,1526563.0))
(88026090,(444056.0,1197.0))
(90181910,(1.0514883E8,342550.0))
(63071090,(6.3283487E7,7134207.0))
(27112900,(1936386.0,641991.0))
(73065021,(628954.0,138633.0))
(3031200,(2.6320258E7,4034129.0))
(12129995,(2.4475266E7,7911998.0))
(72101100,(1.0372006E7,5227312.0))
(83026000,(8.2922994E7,5340035.0))
(84269900,(3.4885688E7,3800010.0))
(85413000,(4.13657E7,323918.0))
(29142900,(1.53562275E8,1.5169215E7))
(44021000,(687263.0,153053.0))
(8025200,(3.023136E7,1671133.0))
(85371091,(1.953668614E9,2.3406909E7))
(34049000,(2.39317415E8,5.2852609E7))
(70191500,(1.4510921E7,7292063.0))
(29362700,(6.6213117E7,8303333.0))
(84431600,(1.24162577E8,4036051.0))
(85408100,(4.2015882E7,51823.0))
(42033000,(6.98318361E8,3065888.0))
(29339110,(74273.0,779.0))
(3069511,(8182710.0,781704.0))
(64039911,(1.05997636E8,2067502.0))
(92099970,(2.2987735E7,493678.0))
(3048910,(5778684.0,460789.0))
(29121200,(9475436.0,7789510.0))
(82057000,(4.3727385E7,5794612.0))
(72109080,(6.3049217E7,3.4924427E7))
(9102010,(9128445.0,58702.0))
(73242100,(894059.0,172353.0))
(85402010,(493541.0,549.0))
(91129000,(406450.0,1650.0))
(31031100,(9.5163434E7,2.20710801E8))
(20098119,(1920096.0,110336.0))
(8140000,(1.2274634E7,3458639.0))
(74198090,(4.05097817E8,1.1660677E7))
(45041019,(1.19377675E8,1.0669013E7))
(82074010,(2.7003436E7,488287.0))
(29251995,(2.0352467E7,644996.0))
(25309070,(7.0857653E7,2.974272667E9))
(54079300,(1.7737813E7,622174.0))
(84451900,(6.8860786E7,3115417.0))
(2042100,(9.2798519E7,1.4787644E7))
(72085210,(1.7622137E7,2.2917137E7))
(73102191,(9.1831958E7,2.2544638E7))
(4071911,(6.3130123E7,4692062.0))
(24041100,(556724.0,4145.0))
(72221990,(2125462.0,334868.0))
(2031915,(1.2107605E8,3.9862574E7))
(15132190,(65052.0,6180.0))
(22042194,(1.91050671E8,8332770.0))
(91143000,(1.7168596E7,22719.0))
(70200005,(1.1247132E7,23238.0))
(20093191,(140140.0,46965.0))
(62046311,(2.0708038E7,786677.0))
(4015099,(7976775.0,2381434.0))
(34023100,(1.5318456E8,7.8306025E7))
(29072200,(3.2765161E7,4496695.0))
(32041900,(1.3183677E8,1.3854894E7))
(58041090,(7501015.0,177712.0))
(2069099,(4731515.0,1926028.0))
(87085020,(2.65158757E8,3.6354833E7))
(38231910,(9.479166E7,5.6606813E7))
(3054930,(2602942.0,260547.0))
(9082200,(775342.0,33606.0))
(85063000,(191858.0,7588.0))
(38246099,(291673.0,171016.0))
(19019091,(2.198314E7,7808818.0))
(85284900,(5872249.0,138603.0))
(39072911,(8.6958823E7,4.0443078E7))
(1039290,(2457092.0,1343337.0))
(28053021,(406848.0,14747.0))
(29071990,(5.5815473E7,1.4729326E7))
(84531000,(6738189.0,410595.0))
(21990002,(2.03803344E8,8.0329204E7))
(37019100,(588821.0,14050.0))
(29053930,(1743058.0,348544.0))
(84135080,(7.4372932E7,1208297.0))
(2101131,(3.0080196E7,3463309.0))
(15180091,(1.6788487E7,1.6981593E7))
(29411000,(7.3436829E7,1674647.0))
(20052080,(9.4131978E7,5.6174154E7))
(92060000,(2.9326922E7,1397361.0))
(55109000,(2819599.0,170932.0))
(47020000,(9.4395917E7,6.3017698E7))
(4039039,(77141.0,13938.0))
(44129290,(8477949.0,2694669.0))
(33011390,(2559594.0,30435.0))
(28199090,(618325.0,49615.0))
(87071090,(2.0052744E7,1068678.0))
(55162200,(5263166.0,621221.0))
(85079030,(3825650.0,315203.0))
(84433210,(4.99150163E8,1.4546299E7))
(39079190,(6.4259301E7,2.2748383E7))
(3044710,(3644884.0,321187.0))
(68128090,(9055.0,2586.0))
(18062030,(2.32705931E8,6.3711805E7))
(55132310,(432484.0,22740.0))
(81069090,(1163286.0,36606.0))
(47079010,(1.7160895E7,1.82465584E8))
(95063910,(8354812.0,290448.0))
(64035935,(9.0125202E7,891038.0))
(25990002,(1.75355154E8,3.19903059E8))
(22083011,(3.1848213E7,3900135.0))
(84384000,(3.1152747E7,1525091.0))
(3061699,(4113041.0,549761.0))
(64041990,(2.660538575E9,7.5291858E7))
(69060000,(1.522737E7,1.3754744E7))
(85329000,(9922897.0,215854.0))
(7108095,(3.94624555E8,3.3218762E8))
(3023290,(3.6788073E7,2686175.0))
(82151080,(560233.0,50203.0))
(82022000,(3.2425121E7,1862964.0))
(20098973,(3.7046707E7,8569508.0))
(22042166,(8.5033697E7,3853180.0))
(46019490,(1822747.0,951136.0))
(84271090,(2.89232197E8,2.6132351E7))
(55039000,(2.1826576E7,6059952.0))
(84081061,(7.8309785E7,5665363.0))
(76129030,(6.4608859E7,9357708.0))
(3038970,(3190.0,466.0))
(40161000,(4.9775181E7,4185771.0))
(40082110,(5.3923385E7,1.7469991E7))
(87021019,(5.7639229E7,1.5522107E7))
(16041700,(1528751.0,84486.0))
(84331990,(7925237.0,1251686.0))
(55131190,(7356050.0,2240303.0))
(75051100,(1775779.0,132240.0))
(20056000,(5.4056058E7,1.2002477E7))
(90308400,(4.0073577E7,71670.0))
(84282080,(7.4923808E7,1.1981803E7))
(8084000,(1286504.0,1043186.0))
(48051100,(4.9414056E7,7.8903763E7))
(85437003,(1430845.0,68012.0))
(22042138,(1.56350622E8,2.6128349E7))
(72165010,(1.0435465E7,9796660.0))
(84233010,(9399745.0,1377550.0))
(73079910,(1.23373992E8,1.1334706E7))
(85299040,(3.0941083E7,4684666.0))
(15029010,(6.9599068E7,7.612064E7))
(2074461,(1.3756995E7,2020508.0))
(20089978,(582782.0,77236.0))
(92099200,(1.7789897E7,331406.0))
(3019300,(1888827.0,539084.0))
(85044086,(6.68386848E8,1.5316457E7))
(72163211,(9.1012059E7,1.1609226E8))
(72222081,(2.6062504E7,5257026.0))
(23099096,(9.55058089E8,5.07832372E8))
(40070000,(4962045.0,732346.0))
(53092100,(3448235.0,243896.0))
(27121090,(9238739.0,1903965.0))
(71039900,(1.49262337E8,642839.0))
(1042090,(556946.0,153879.0))
(7139000,(4562319.0,2881041.0))
(39232910,(1.141336E7,1590554.0))
(46012210,(59976.0,5709.0))
(73079210,(4.0939762E7,6003652.0))
(76071119,(8.3620484E7,1.7245552E7))
(29034400,(688321.0,132399.0))
(25253000,(196030.0,218218.0))
(22082066,(9.8157883E7,3.5643308E7))
(85098000,(4.6296627E8,2.2808584E7))
(16041210,(175489.0,28045.0))
(40119000,(4.8596291E7,9395038.0))
(16041490,(2274383.0,198640.0))
(90219010,(9.6433138E7,727359.0))
(29336100,(1.1433035E7,8006463.0))
(39071000,(8.4020351E7,2.7765926E7))
(84118280,(4.13072998E8,5207439.0))
(62089900,(3.137869E7,1005736.0))
(85402080,(1.65030414E8,32284.0))
(87044210,(15000.0,19000.0))
(68029390,(1.6092032E7,1.6219592E7))
(42022290,(1.455643354E9,1.1528046E7))
(19012000,(1.340046335E9,4.88992599E8))
(84859090,(1.7614614E7,229164.0))
(2074230,(5751040.0,1318149.0))
(30063000,(4.9045629E8,6489259.0))
(82079099,(1.38006953E8,5277725.0))
(29103000,(3.368875E7,1.7576434E7))
(87042110,(6454538.0,1293993.0))
(3072990,(1068783.0,74635.0))
(3023920,(1058717.0,100704.0))
(28452000,(723425.0,1169.0))
(90271090,(1.18287785E8,660163.0))
(19022010,(2.7573992E7,4184402.0))
(87082990,(3.630786104E9,5.16394354E8))
(85163100,(1.52343963E8,6895027.0))
(44072891,(201237.0,133050.0))
(29156011,(871760.0,342586.0))
(29039300,(941.0,160.0))
(27101931,(7.53947957E8,9.63495702E8))
(28402090,(8555993.0,3405827.0))
(3053950,(464632.0,84183.0))
(85434000,(2.99019524E8,2785033.0))
(52093900,(2.9074688E7,1440754.0))
(48026180,(2.8738742E7,2.7231351E7))
(90314910,(7949436.0,31252.0))
(7052900,(3.2050203E7,3.6087474E7))
(41022900,(243704.0,99702.0))
(85401100,(23936.0,458.0))
(15159091,(4.4862904E7,7520254.0))
(94055000,(3.6933993E7,4071456.0))
(62046185,(1.2947482E7,116413.0))
(10019190,(9.2678555E7,3.61862578E8))
(84835080,(6.93884399E8,4.7573124E7))
(85249900,(4250523.0,45609.0))
(95065100,(7.6874179E7,1064507.0))
(6029020,(242630.0,24705.0))
(82079078,(5181524.0,98205.0))
(85143290,(237730.0,1489.0))
(87089199,(1.12598324E8,5822782.0))
(81019600,(2099686.0,9208.0))
(11043010,(1993424.0,1844791.0))
(40081900,(1.8652544E7,1349760.0))
(85363090,(2.16388408E8,3859251.0))
(3034518,(63274.0,3856.0))
(52121410,(423753.0,6886.0))
(72139110,(1.32903372E8,2.16719052E8))
(20099029,(1779415.0,973060.0))
(84752900,(2.3458696E7,840440.0))
(94038200,(1.2412899E7,3773119.0))
(85423990,(7.888899178E9,4727734.0))
(61069030,(2668606.0,6096.0))
(44083930,(6.6026451E7,4.7326805E7))
(62113210,(7.7277781E7,3148258.0))
(87149420,(3.5395804E7,2142390.0))
(38252000,(1048434.0,3012646.0))
(11061000,(2.2506539E7,1.8223431E7))
(74192000,(5.5125721E7,2167651.0))
(29110000,(6746880.0,1217256.0))
(14011000,(4374011.0,4049893.0))
(85023100,(7.01051623E8,6.4429381E7))
(76141000,(1.3549011E7,2878875.0))
(84136039,(5.2701094E7,682783.0))
(73144100,(1.9686126E7,8869670.0))
(95082600,(8548746.0,335429.0))
(84082055,(3.90815017E8,3.9525843E7))
(29072900,(3.6363408E7,6364743.0))
(91031000,(3912675.0,50541.0))
(4032039,(4649007.0,1790345.0))
(35071000,(8848363.0,1783509.0))
(58012600,(2331001.0,51677.0))
(55164300,(5158669.0,114448.0))
(15159021,(21638.0,1672.0))
(54082100,(7744955.0,1259748.0))
(55151910,(68017.0,6379.0))
(44123900,(8.9346065E7,8.8849843E7))
(94051150,(2.1566809E7,809512.0))
(87141090,(4.87814955E8,2.1363999E7))
(71070000,(1.3618395E7,93401.0))
(55143090,(1.1040608E7,271326.0))
(20052010,(5.3630442E7,2.3570963E7))
(92081000,(5462908.0,216833.0))
(29171390,(1.3904794E7,2058794.0))
(87051000,(2.09466878E8,2.2701261E7))
(48041930,(3802.0,1258.0))
(23066000,(3622656.0,1.4140537E7))
(52052600,(313578.0,46807.0))
(12030000,(563385.0,3351662.0))
(31042090,(5.1342176E7,8.3134414E7))
(48181090,(1.3659111E7,5231511.0))
(79039000,(6828402.0,1002207.0))
(1022910,(9.9873135E7,2.6220289E7))
(52064500,(291688.0,95939.0))
(53061090,(494688.0,63002.0))
(70196400,(5.5464282E7,2411565.0))
(55134900,(451069.0,33574.0))
(2089098,(6572711.0,584142.0))
(83082000,(1.16671654E8,6420313.0))
(2068091,(1135544.0,153842.0))
(29021100,(1.26099898E8,1.15342491E8))
(7142010,(6.1286954E7,7.2389257E7))
(12075010,(9762199.0,5180884.0))
(11032090,(3004382.0,2647726.0))
(74112200,(2.6065055E7,1770908.0))
(61045300,(5.294436E7,1564181.0))
(94017900,(4.05059323E8,8.042359E7))
(44129199,(135113.0,89832.0))
(71023100,(2437879.0,220.0))
(84512100,(1.50109567E8,2.8556882E7))
(15152910,(1864770.0,777770.0))
(70052935,(6.6805225E7,1.44500842E8))
(70109061,(6.7541526E7,7.0784988E7))
(85308000,(5.5066221E7,1632760.0))
(85393190,(1.8941939E7,885390.0))
(44129990,(1.9498043E7,1.2390426E7))
(39022000,(2.29319655E8,1.12946786E8))
(76052100,(1.26689678E8,2.5758315E7))
(44192010,(1808681.0,331738.0))
(95061110,(3.0657934E7,401270.0))
(44032200,(6554121.0,3.8767084E7))
(88069910,(119.0,5.0))
(32121000,(5.2362978E7,3892831.0))
(7104000,(4.5759619E7,3.8307429E7))
(85073080,(1.22458405E8,2201427.0))
(16055700,(6358.0,300.0))
(84229090,(7.0344408E8,1.5035425E7))
(48021000,(3.3046778E7,2.2339782E7))
(4032053,(3.4385177E7,1.0695655E7))
(62082900,(2.6936328E7,173312.0))
(31021090,(5.8890057E7,1.84354592E8))
(25162000,(6969372.0,3.8237878E7))
(84431390,(1.7830219E7,1253672.0))
(16042050,(2.6356368E7,5730850.0))
(27073000,(2.7521576E7,2.6002345E7))
(85491190,(9.7101774E7,9.4761642E7))
(86071910,(1.33728731E8,4.5190075E7))
(27150000,(4.7842053E7,1.3426587E8))
(76061130,(6945266.0,1520363.0))
(64052091,(5.6869932E7,5228418.0))
(48139090,(8.0320511E7,1.9593803E7))
(4089180,(3.0930613E7,2848391.0))
(29189100,(1118247.0,40261.0))
(27090010,(3.116201E7,5.0095606E7))
(25302000,(2.6410052E7,1.01100662E8))
(62046990,(3.81568433E8,7379806.0))
(38254100,(1478320.0,7631222.0))
(3044990,(8.5166269E7,7808495.0))
(53091190,(7058834.0,280639.0))
(33062000,(7101622.0,330751.0))
(84089027,(2.6222802E7,4119730.0))
(3039110,(49359.0,2793.0))
(84454000,(2316215.0,68538.0))
(85065030,(3.0049945E7,1493460.0))
(86079190,(1.28911899E8,7139267.0))
(2061098,(1.05827862E8,2.5938262E7))
(2072760,(5592306.0,1436462.0))
(84081019,(1004798.0,115937.0))
(39162000,(2.31930543E8,6.5007772E7))
(74111010,(1.26758318E8,1.4219853E7))
(30044100,(6761669.0,103377.0))
(17023090,(7.16106961E8,9.20895847E8))
(90278930,(4.8501449E7,204479.0))
(22042278,(1.0115646E7,1278180.0))
(74082100,(7.8622558E7,8115106.0))
(90283011,(1.96797707E8,3960789.0))
(28273920,(4.0025951E7,1.7029303E8))
(20071099,(4.7763698E7,1.22007E7))
(57032999,(7.1935243E7,7493357.0))
(64035991,(2.2792327E7,178273.0))
(57024200,(4.954437E7,9386760.0))
(52081216,(2040539.0,199094.0))
(28342940,(962818.0,394110.0))
(72288000,(7974496.0,4783618.0))
(72201200,(1.3960734E7,1628475.0))
(85492100,(814012.0,486756.0))
(38249970,(4.3150574E7,9198024.0))
(44011200,(1.9303271E7,1.99954854E8))
(38089390,(7.5875417E7,1.0318107E7))
(38275100,(884394.0,40551.0))
(61102091,(1.09079116E9,2.5639438E7))
(44072310,(20641.0,2390.0))
(59119010,(3.3557456E7,2019981.0))
(84559000,(4.8158624E7,5537044.0))
(85340011,(2.67634916E8,3916538.0))
(85234990,(1.43833972E8,450555.0))
(76011010,(9.4957248E7,3.458598E7))
(85365015,(2.3514924E7,298407.0))
(29339950,(3343.0,552.0))
(85284200,(1.1466911E7,210050.0))
(69120081,(6296211.0,690774.0))
(58021000,(2376027.0,237607.0))
(84713000,(5.197531349E9,2.0554285E7))
(16041910,(4967100.0,337771.0))
(3044500,(1.7424571E7,1495381.0))
(90279000,(7.70136618E8,7663010.0))
(81093100,(1353790.0,62426.0))
(26030000,(2.912222E7,9010518.0))
(96140010,(508076.0,1050.0))
(50010000,(153053.0,4279.0))
(29121900,(5.5724953E7,1.9768641E7))
(57024900,(8499048.0,1127125.0))
(54021900,(5.4758824E7,7041577.0))
(3048350,(2775.0,90.0))
(53089090,(1297954.0,156703.0))
(84328000,(1.54185143E8,1.8084245E7))
(6012010,(7588637.0,7216599.0))
(44079940,(482322.0,443297.0))
(20088011,(7670.0,590.0))
(72230019,(1.49831145E8,2.5285177E7))
(84411020,(1.4373938E7,383691.0))
(27101231,(1.823283E7,1.1033002E7))
(85301000,(1.4260581E7,130924.0))
(85235200,(6.68787333E8,5284856.0))
(2076099,(914488.0,180980.0))
(84293000,(883224.0,430072.0))
(2075595,(24759.0,7690.0))
(91122000,(433620.0,308424.0))
(87087099,(4.12025293E8,1.03205037E8))
(61159400,(1.5515966E7,406669.0))
(5029000,(107008.0,652.0))
(38151200,(6.94246778E8,1.3022587E7))
(22042124,(705546.0,219851.0))
(23099033,(2.3753677E7,1.8328259E7))
(6029041,(1.0281435E7,4766798.0))
(85371098,(2.022328271E9,3.0280539E7))
(73072210,(2.5689191E7,904352.0))
(85258300,(9.1881868E7,430740.0))
(85068005,(693658.0,62968.0))
(40151200,(1.0720101E8,1.6654214E7))
(74112900,(2.5453574E7,1330542.0))
(5071000,(19565.0,10.0))
(8021210,(3229970.0,551634.0))
(4041048,(1.7468632E7,6.2647609E7))
(60063200,(8.4129354E7,1.0149429E7))
(85285299,(6.9892503E7,1567123.0))
(62046290,(1.72280443E8,6155463.0))
(72071210,(6.78487766E8,1.11173221E9))
(16043100,(3.5473876E7,73118.0))
(90158040,(2.1711451E7,93658.0))
(85423255,(1428289.0,20380.0))
(87043139,(1932215.0,341097.0))
(27111297,(6545926.0,1.1371442E7))
(72022910,(1.1090727E7,5751251.0))
(72149939,(5.2181962E7,6.2192936E7))
(22042978,(7604608.0,7653459.0))
(85392210,(792836.0,24111.0))
(29355000,(416918.0,6431.0))
(3048210,(433860.0,80419.0))
(74152100,(1.1984765E7,354274.0))
(21021090,(1.33610636E8,3.9537289E7))
(44071120,(6.3953169E7,9.4206814E7))
(84563011,(1.4686941E7,510075.0))
(28112990,(2474817.0,825014.0))
(24011035,(1488650.0,270146.0))
(87089591,(59175.0,3789.0))
(72125040,(2.6985611E7,1.0479292E7))
(55099900,(3700942.0,247629.0))
(60054100,(1341371.0,85897.0))
(90172005,(383058.0,16290.0))
(4064050,(4.9613788E7,6409101.0))
(91012100,(1.133181482E9,18150.0))
(31029000,(4.3902155E7,1.10549607E8))
(81123900,(1582789.0,1143.0))
(3043100,(630811.0,71284.0))
(61124190,(2.82000156E8,5982827.0))
(58063210,(7.5285775E7,5599860.0))
(85198100,(1.12398477E8,5196374.0))
(73021040,(8434504.0,5799240.0))
(50079090,(1.0421959E7,66718.0))
