(20085051,(57078.0,24949.0))
(61044300,(2.50323065E8,8675531.0))
(64039933,(2.6400349E7,618245.0))
(69073000,(1.2444823E7,7264474.0))
(82084000,(7.4309724E7,9978091.0))
(29304090,(1.57362363E8,7.4643648E7))
(29362400,(2.5923401E7,1805464.0))
(3035100,(1993516.0,1531660.0))
(84136061,(3.082551E7,983430.0))
(85389019,(2.4076497E7,408859.0))
(87042139,(3.4970846E7,6622331.0))
(39169050,(2.2940781E7,2385709.0))
(28255000,(6700910.0,884664.0))
(40094200,(1.00839459E8,5982449.0))
(91011100,(4.35340338E8,44086.0))
(18061030,(2.5161891E7,7326497.0))
(16029031,(2319265.0,241329.0))
(2076051,(9935812.0,866452.0))
(3079900,(4311036.0,742420.0))
(38249915,(6.2765001E7,1.1646076E7))
(52061400,(1507.0,44.0))
(4069084,(5.01197724E8,7.4986486E7))
(40101200,(6.9564681E7,1.6409791E7))
(16041428,(2.28319349E8,4.2408554E7))
(66011000,(9.0760329E7,1.9425016E7))
(54012010,(242172.0,6415.0))
(22060031,(1.0015389E7,5016814.0))
(85118000,(9.143969E7,1469741.0))
(28164000,(1709099.0,461344.0))
(29412030,(2957325.0,94562.0))
(38249992,(9.09141766E8,2.23653903E8))
(20085079,(3533475.0,1614990.0))
(20096979,(2106.0,680.0))
(71132000,(6.2801345E7,236119.0))
(22042993,(1.354837E7,1.1181239E7))
(72202041,(1.84519133E8,4.128414E7))
(36050000,(5514187.0,1238905.0))
(3049100,(138116.0,16209.0))
(29024300,(2.8617661E7,2.9820092E7))
(8093080,(8.4273303E7,6.3036608E7))
(29333945,(55.0,0.0))
(61119011,(871828.0,7962.0))
(33049100,(5.81249241E8,1.0695381E7))
(60064300,(1062922.0,39996.0))
(30024900,(1.199429147E9,1.3500282E7))
(84621910,(7539046.0,147489.0))
(72111300,(3.5920163E7,4.329342E7))
(95030010,(1.55515936E8,1.9595674E7))
(8103090,(757532.0,300345.0))
(73071910,(9.6971623E7,2.1385722E7))
(84295199,(7.30834589E8,7.748096E7))
(28273200,(1.9111824E7,5.010847E7))
(38271300,(4479.0,33.0))
(2084080,(31.0,3.0))
(84824000,(1.01428923E8,6368656.0))
(51122000,(1.0314659E7,68389.0))
(28053029,(604.0,12.0))
(29202100,(213786.0,23123.0))
(3024600,(114005.0,13723.0))
(54082290,(8727056.0,315160.0))
(54034900,(295502.0,21217.0))
(39014000,(6.46318788E8,4.9572567E8))
(7096091,(1115063.0,593291.0))
(54024400,(1.2224926E7,1260683.0))
(48059200,(6.2314522E7,8.4735203E7))
(29109000,(2.0616075E7,2760830.0))
(89039999,(1.29605826E8,6619499.0))
(22042986,(5420.0,119.0))
(84239010,(3.8255224E7,1401428.0))
(72071190,(833195.0,247122.0))
(4071919,(2.4749551E7,3033158.0))
(55142300,(1452686.0,83924.0))
(7119030,(97605.0,60182.0))
(3035590,(258675.0,188264.0))
(2044390,(8334520.0,1619722.0))
(3044410,(2.05932602E8,1.647517E7))
(22042181,(1.57597463E8,5.2730365E7))
(16022010,(5.0804785E7,1777698.0))
(13023210,(2.1290463E7,900675.0))
(11063010,(1947055.0,275544.0))
(52111100,(2727933.0,554456.0))
(73121085,(2.2970688E7,5303029.0))
(6021090,(1.0351613E7,4565236.0))
(90299000,(5.8546353E7,534611.0))
(3063100,(1.9679714E7,494349.0))
(44034910,(4363432.0,6629784.0))
(85446090,(1.95844172E8,3.7255478E7))
(12060010,(4.50899519E8,4.0637938E7))
(35022099,(707058.0,96397.0))
(31049000,(2.0940049E7,9.0135111E7))
(95069910,(711190.0,46599.0))
(9093100,(1.0860899E7,1754460.0))
(90172090,(2834012.0,87175.0))
(3036500,(634024.0,84022.0))
(62063000,(4.30127623E8,6884791.0))
(48062000,(1.15897083E8,5.2592873E7))
(10082100,(2415940.0,2833834.0))
(84485900,(1.2258291E7,249213.0))
(84213985,(2.47375437E8,6857230.0))
(96034010,(3.2254253E7,3597271.0))
(15152190,(1.2109026E7,1.0927283E7))
(38248200,(20698.0,1344.0))
(42029291,(7.64205095E8,3.4679413E7))
(84622400,(8491411.0,293493.0))
(63061200,(1.22106878E8,1.4019248E7))
(70031299,(1240732.0,98018.0))
(84563019,(2895943.0,102715.0))
(70139190,(2.7517317E7,290902.0))
(38251000,(2352051.0,5.5018346E7))
(11041961,(760334.0,1131091.0))
(85461000,(2.6049787E7,5692288.0))
(4072990,(2623223.0,923148.0))
(39059990,(6.6788614E7,1.1465167E7))
(21011298,(2.4915045E7,6653240.0))
(85311095,(1.09496239E8,765357.0))
(55051090,(406467.0,553597.0))
(25309050,(83545.0,504759.0))
(89069091,(4490143.0,12275.0))
(21069020,(8035660.0,1948896.0))
(80012000,(1.9899329E7,579470.0))
(48132000,(9.6335871E7,2.2917999E7))
(84189100,(1.5898452E7,1905969.0))
(4041084,(293312.0,599325.0))
(44079710,(1323604.0,2908281.0))
(52062100,(83450.0,11893.0))
(44160000,(5.72986969E8,5.6465659E7))
(4041014,(1.1109997E8,3.9409535E7))
(94019980,(7.4922309E7,9678123.0))
(31052010,(1.82258564E8,3.41385454E8))
(94014100,(1.36540275E8,3.8315822E7))
(84158300,(3.12452658E8,1.3834507E7))
(4069021,(4.10480961E8,8.0321013E7))
(78019990,(2.9866153E7,1.1855505E7))
(40139000,(2.3645262E7,3524006.0))
(84148073,(2.9433926E7,1297145.0))
(25010031,(8693050.0,6.6624887E7))
(50030000,(1528720.0,62243.0))
(69031000,(9756024.0,500464.0))
(24041990,(3.2057796E7,792299.0))
(38279000,(4568181.0,2076322.0))
(32071000,(3.2363223E7,4861481.0))
(41041990,(909470.0,219651.0))
(2045013,(25941.0,2400.0))
(85332900,(7.9469089E7,2326800.0))
(18031000,(5.61671332E8,1.28172731E8))
(85162100,(1.4601545E7,1898940.0))
(85409900,(7.5344774E7,144522.0))
(54034200,(565176.0,86371.0))
(62033390,(1.13752425E8,3015867.0))
(23024008,(2313956.0,5158418.0))
(25210000,(1.3209225E7,6.66676455E8))
(25112000,(222806.0,183108.0))
(4032033,(518282.0,308466.0))
(85043121,(4.8982081E7,1746393.0))
(62042280,(1.1512497E7,456684.0))
(41071299,(709005.0,8318.0))
(48111000,(2.2009917E7,5530029.0))
(84719000,(3.43966139E8,3003566.0))
(39129010,(6157098.0,395226.0))
(83062100,(8410575.0,417424.0))
(84191200,(6.6173242E7,1.7285448E7))
(11081910,(6950837.0,3248899.0))
(64039905,(5598754.0,85945.0))
(96031000,(5748578.0,1844612.0))
(3069519,(12006.0,638.0))
(72092610,(4680.0,2496.0))
(50050090,(920936.0,6625.0))
(71129900,(4.2200198E7,4818779.0))
(5119910,(1.8770455E7,2.9768275E7))
(70169010,(1969153.0,65483.0))
(2101930,(589947.0,93675.0))
(3061490,(1.3191152E7,1952454.0))
(72192290,(2955876.0,1122174.0))
(33012490,(1660349.0,121873.0))
(3056100,(102663.0,24043.0))
(16023921,(3039461.0,275570.0))
(73063041,(7242759.0,4620891.0))
(84565000,(9669205.0,332219.0))
(51012100,(4093962.0,1359312.0))
(46021990,(1.01336468E8,1.0545262E7))
(28139010,(1557066.0,606241.0))
(59090010,(1.1521451E7,1185562.0))
(5021000,(498325.0,66941.0))
(52064200,(107821.0,3074.0))
(87089291,(2.1942754E7,853228.0))
(25231000,(2.35944501E8,2.525725642E9))
(84649000,(3.4708358E7,2082054.0))
(3038950,(297848.0,69563.0))
(22042167,(608864.0,190244.0))
(38170080,(2.2532254E7,6495094.0))
(22089011,(393662.0,29680.0))
(39093100,(2.99763198E8,1.50912309E8))
(32041600,(7324702.0,1248813.0))
(73102990,(8.7364895E7,1.095713E7))
(61101910,(1.2836659E7,152074.0))
(84162080,(1.4755855E7,421347.0))
(2101139,(541737.0,73127.0))
(3034190,(71984.0,10173.0))
(7103000,(3.7774469E7,4.2240086E7))
(3048960,(4396372.0,412893.0))
(84714100,(1.002441389E9,7945965.0))
(44032600,(1.5972865E7,1.77286115E8))
(11071011,(1112151.0,737709.0))
(57039020,(1964687.0,464680.0))
(84081041,(2129050.0,70263.0))
(35021910,(7383.0,1805.0))
(29189990,(1.53350859E8,6037668.0))
(21069055,(2073856.0,1174124.0))
(23070019,(48952.0,3135.0))
(95051010,(1.9393308E7,1441862.0))
(56039490,(5.9017478E7,1.0539637E7))
(29181800,(2519.0,918.0))
(88040000,(8.4565455E7,346737.0))
(18062010,(6.06789116E8,1.34690929E8))
(48101900,(3.06657112E8,2.32202152E8))
(39021000,(1.271643383E9,9.46971112E8))
(12102010,(5621120.0,338213.0))
(70023200,(5321105.0,2488604.0))
(7145000,(701711.0,406147.0))
(84551000,(372616.0,90335.0))
(68109100,(1.96512217E8,6.62840528E8))
(72024990,(4752067.0,1477132.0))
(8119085,(2.2620645E7,9974675.0))
(22042132,(6781221.0,2648788.0))
(84082035,(1.17996714E8,1.0354509E7))
(19042010,(5.7874599E7,1.8123978E7))
(84543090,(2.275225E7,1190108.0))
(84198998,(4.68683354E8,1.4677509E7))
(15042010,(5891147.0,998489.0))
(65069990,(4.5838396E7,1037871.0))
(29312000,(166461.0,72063.0))
(48202000,(5.9117173E7,1.7081195E7))
(69091900,(1.37873666E8,9786966.0))
(87089599,(3.2390451E8,1.6161653E7))
(85271300,(2.0941194E7,1211100.0))
(87012410,(2.9164217E7,1248763.0))
(44101130,(3.62933958E8,6.15843601E8))
(20099051,(3.5272879E7,2.59393E7))
(94054231,(1.58855649E8,8859644.0))
(87085035,(6.42696184E8,1.20310004E8))
(39069090,(2.032904681E9,8.97679812E8))
(76071190,(1.38047135E8,3.1902382E7))
(85069000,(1.2897535E7,3.3986465E7))
(5119931,(1056691.0,40059.0))
(56060091,(3.4531713E7,1489544.0))
(84775910,(1.56547E7,1086851.0))
(72164010,(7.3866729E7,9.5216813E7))
(44079927,(1.3482096E7,1.5234932E7))
(96190040,(2.2121045E7,3119222.0))
(6042020,(1.6384129E7,1.389692E7))
(95030087,(4.4992037E7,1909045.0))
(32029000,(3.2552586E7,1.4103136E7))
(90021100,(1.79590652E8,283312.0))
(29071200,(7266833.0,1725406.0))
(84811099,(1.15296293E8,2391115.0))
(70072900,(2.35451715E8,2.2877289E8))
(22042286,(116.0,3.0))
(16041995,(7.1302757E7,1.7168932E7))
(20094991,(4342.0,4512.0))
(20019020,(2508440.0,1043228.0))
(75062000,(2.41878225E8,8923256.0))
(50040010,(1.5458741E7,188940.0))
(97039000,(5.06165558E8,1120607.0))
(62079100,(9878944.0,696690.0))
(3048330,(179.0,32.0))
(55091200,(1.8502065E7,526864.0))
(3025930,(8343236.0,1296899.0))
(19052090,(618577.0,106300.0))
(94016900,(1.43543481E8,2.5910486E7))
(8051024,(1.9330179E7,1.9404431E7))
(44182190,(1.8022941E7,4459077.0))
(82023100,(1.4366655E7,621539.0))
(40169100,(8.3999483E7,2.5266782E7))
(10062017,(2.5134033E7,3.8264918E7))
(4069063,(1.9795145E7,1550708.0))
(29036200,(561320.0,67329.0))
(90283019,(2.24603471E8,5055983.0))
(4071100,(8.8227994E7,8937104.0))
(22060059,(2.224028E7,1.4345673E7))
(85232919,(7333234.0,88532.0))
(22042195,(6.6707539E7,1.4805037E7))
(85111000,(2.37583699E8,4989801.0))
(28013010,(31804.0,2221.0))
(95082300,(232233.0,101763.0))
(58090000,(6920289.0,108757.0))
(85493900,(5752439.0,1052171.0))
(73021090,(7336636.0,1.5035161E7))
(29349100,(2956747.0,59136.0))
(52104100,(1047344.0,44963.0))
(84775980,(2.2541934E7,755435.0))
(84518030,(885448.0,62094.0))
(3024530,(6025.0,1827.0))
(85234130,(3168310.0,372974.0))
(72189980,(1.08046605E8,1.5413974E7))
(2074581,(2757968.0,1155263.0))
(96190089,(4.94481325E8,1.69050589E8))
(84222000,(4.6309566E7,811873.0))
(85312040,(5.3767063E7,435580.0))
(3038929,(29041.0,9982.0))
(29337900,(4.627830084E9,2.1304317E7))
(94054210,(1.57978185E8,5600699.0))
(39199080,(1.102488742E9,1.65967361E8))
(84324200,(8.259938E7,4433025.0))
(69091200,(3.1046664E7,855424.0))
(3046300,(1435944.0,233261.0))
(20089937,(2607.0,396.0))
(25252000,(1.1145976E7,1.1501526E7))
(3074321,(406539.0,45918.0))
(29156019,(1.6972787E7,5085182.0))
(42022900,(8.6933064E7,1200354.0))
(3074230,(906806.0,117677.0))
(41044111,(8131879.0,106998.0))
(32050000,(3.5832808E7,1387783.0))
(3023690,(198487.0,13419.0))
(64039191,(1.9675693E7,564638.0))
(38249985,(3373555.0,170140.0))
(2064900,(2.52082498E8,1.35142535E8))
(29141200,(3.6187406E7,1.5440495E7))
(39072100,(2.1461615E7,1.0732827E7))
(29031300,(1.6335779E7,2.1476591E7))
(22082088,(697028.0,126491.0))
(27101911,(3.2044247E7,3.9886786E7))
(84261900,(4.5798558E7,9594928.0))
(87116010,(6.03875513E8,1.2567486E7))
(52010090,(1.0256961E7,2998054.0))
(40118000,(4.55730181E8,7.1447307E7))
(62114331,(1043881.0,20891.0))
(84768910,(2681430.0,78401.0))
(74121000,(1.04982042E8,5169349.0))
(74040010,(8.03349028E8,1.42404546E8))
(25280000,(3108234.0,4550854.0))
(84335330,(3.6309967E7,2988010.0))
(44032110,(2.9103841E7,2.57256561E8))
(73102199,(1.4884034E7,2308436.0))
(2071410,(3.09168116E8,1.08848869E8))
(40069000,(5.4924285E7,8209611.0))
(3069540,(10582.0,1128.0))
(12092210,(6758314.0,1513862.0))
(90212900,(3.1731579E8,937627.0))
(85286980,(1.9857448E7,128865.0))
(72281050,(2968096.0,223455.0))
(38089321,(1.11046357E8,1.199445E7))
(84194000,(2.248279E7,529081.0))
(76161000,(2.1181043E8,1.0104944E7))
(72171010,(7969604.0,5338624.0))
(38051010,(9135872.0,7443366.0))
(28311000,(3669919.0,1367429.0))
(10063067,(1.11706593E8,8.9646141E7))
(44079990,(5.2493368E7,1.34003119E8))
(94032020,(7.582347E7,2.1916582E7))
(29211200,(6505.0,952.0))
(58013700,(3.399281E7,1110325.0))
(64069060,(1482258.0,36557.0))
(34013000,(1.094686321E9,2.68239999E8))
(84471200,(1420961.0,98651.0))
(29102000,(1.21952851E8,9.5252349E7))
(8052200,(2.98198153E8,2.04768264E8))
(29153100,(4.245744E7,3.4318989E7))
(16055400,(6.669786E7,1.6237133E7))
(20089972,(2042129.0,631923.0))
(20092919,(545899.0,206744.0))
(19024090,(1.22304E7,4675340.0))
(39172900,(1.9860602E8,2.5216534E7))
(84211920,(3.9487535E7,501264.0))
(36036000,(1.35442442E8,1156243.0))
(6011010,(4046779.0,2743825.0))
(87120070,(7.2527492E7,2285546.0))
(44152090,(8.0850117E7,8.5469952E7))
(61171000,(9.2230406E7,3480581.0))
(70109055,(1.40001595E8,2.18353718E8))
(84191900,(1.8791974E8,2.838245E7))
(84261200,(1.6012922E7,1075341.0))
(10062094,(542437.0,311033.0))
(24049200,(2.1020787E7,285878.0))
(85444991,(3.23944414E8,5.0711128E7))
(25182000,(1.5068455E7,6.5774066E7))
(15179091,(1.84705924E8,8.5859905E7))
(84729010,(3.1756752E7,736067.0))
(89012090,(6.0,0.0))
(27101211,(4.22620983E8,6.94896779E8))
(76082089,(5.8696832E7,4868286.0))
(84462100,(1108460.0,52907.0))
(94012000,(2.06029912E8,1.3220546E7))
(3069400,(1358818.0,50765.0))
(83011000,(9.1670575E7,6654735.0))
(76061292,(1.103831472E9,2.75454806E8))
(68051000,(5.98287E7,4873222.0))
(96072090,(1.4885737E7,613263.0))
(24049900,(447486.0,6534.0))
(8134065,(6895866.0,495308.0))
(29335310,(791479.0,5636.0))
(84829110,(1.4561798E7,2043254.0))
(60053800,(1.8155118E7,4605903.0))
(84172090,(9701981.0,830181.0))
(3033910,(50762.0,43632.0))
(23091033,(559072.0,111117.0))
(28451000,(3066694.0,6597.0))
(30041000,(4.85276565E8,8018416.0))
(72082600,(2.36794597E8,2.76878014E8))
(44111210,(2.5019987E7,5.1110396E7))
(8041000,(1.71218518E8,7.6682757E7))
(20089923,(210235.0,54741.0))
(19011000,(1.365156027E9,2.19620688E8))
(52122510,(518724.0,13928.0))
(22042223,(8657568.0,228022.0))
(94052950,(5899658.0,401945.0))
(34012090,(1.04407612E8,5.1367136E7))
(84501111,(7.2207096E7,2.7133736E7))
(84185019,(3.32316613E8,3.9678133E7))
(73029000,(4.0655071E7,2.7819864E7))
(56039420,(1816189.0,291542.0))
(40059900,(1.48083801E8,4.2906761E7))
(73042930,(1.82076597E8,9.6330349E7))
(27030000,(9.9108523E7,6.02923485E8))
(94054910,(3.8547795E7,1041906.0))
(76042910,(2.3826344E8,3.4367252E7))
(84331151,(3.13901721E8,3.0616136E7))
(89031200,(2.9185492E7,2391658.0))
(2011000,(4.90154686E8,8.777172E7))
(2062100,(5531346.0,993912.0))
(29025000,(5.03791469E8,4.59512904E8))
(2032959,(8.1506798E7,3.6569332E7))
(84596990,(1.2485521E7,1153298.0))
(84672191,(3.0583409E7,1620701.0))
(29263000,(3622.0,77.0))
(28241000,(1594907.0,621710.0))
(92079090,(1.0187811E7,284190.0))
(96081092,(2.05145774E8,5384102.0))
(54041200,(2760960.0,775033.0))
(84595100,(1.8647447E7,483040.0))
(62081900,(1.1993484E7,346664.0))
(85437060,(8773675.0,314552.0))
(20098911,(4481799.0,4426715.0))
(2101111,(7408832.0,875559.0))
(3048890,(334045.0,32754.0))
(15060000,(2.11314495E8,1.80551578E8))
(38013000,(3.2458755E7,1.9284904E7))
(15162095,(7927531.0,3602435.0))
(40029100,(1.9085168E7,1.1436617E7))
(81110090,(1.6627114E7,1519429.0))
(15161010,(1450519.0,273751.0))
(82056000,(1.0795224E7,886949.0))
(48182099,(1.41071825E8,6.1510461E7))
(84453000,(3247800.0,332101.0))
(24031910,(2.11149602E8,7422899.0))
(90330010,(7637689.0,86572.0))
(75071100,(3854551.0,60391.0))
(35052010,(9431880.0,1.2193484E7))
(87099000,(7.4757822E7,4929280.0))
(84294030,(7662071.0,1847785.0))
(96039099,(1.19987648E8,1.5469345E7))
(22042174,(315646.0,50235.0))
(76051100,(1.92583847E8,6.1354063E7))
(1063910,(642028.0,6380.0))
(91131010,(7.7307441E7,5162.0))
(48149010,(1.7666804E7,747736.0))
(8022100,(2.2966226E7,7167787.0))
(3063310,(7.8401904E7,1.3104001E7))
(2042290,(4.6950288E7,6570848.0))
(7031019,(1.82168969E8,2.34248276E8))
(44072199,(18.0,0.0))
(27079980,(3770011.0,1874244.0))
(85299097,(2.5157463E8,1886686.0))
(52083100,(2641496.0,116240.0))
(20084029,(13489.0,3549.0))
(39079905,(7732438.0,2243488.0))
(3054910,(187660.0,8072.0))
(55133900,(581149.0,39446.0))
(70131000,(2.049269E7,1.2782477E7))
(84831021,(4.6911306E7,1.1440032E7))
(3019210,(1.8308289E7,64046.0))
(10061030,(2906400.0,3860522.0))
(8027000,(1416344.0,492152.0))
(25140000,(1.8377849E7,1.62100318E8))
(85235110,(6.67816803E8,1857418.0))
(52092200,(3385703.0,456078.0))
(28521000,(1343127.0,413785.0))
(84425000,(4.285635E7,2731868.0))
(2071340,(1.6826482E7,5.6940311E7))
(25199010,(3.0423611E7,2.4129996E7))
(84159000,(1.338416434E9,8.334815E7))
(20089776,(140706.0,92210.0))
(7061000,(1.39278307E8,2.17755789E8))
(84061000,(712841.0,17315.0))
(55162390,(3417576.0,547828.0))
(84334000,(2.8039896E8,2.8590681E7))
(72191100,(3139605.0,526859.0))
(48115900,(6.13815282E8,2.43906643E8))
(71171900,(1.164597872E9,5433303.0))
(29062100,(6911026.0,2237455.0))
(61041990,(4267411.0,92459.0))
(54011016,(1015478.0,86198.0))
(44111392,(9.3270094E7,8.1734158E7))
(56022900,(8027048.0,2168610.0))
(63039990,(3.4920645E7,2259089.0))
(84322100,(1.28200894E8,1.5642017E7))
(39091000,(1.18423255E8,2.29959946E8))
(72249018,(1132193.0,202504.0))
(4039019,(263287.0,137462.0))
(16054000,(6892817.0,840017.0))
(87019410,(2.282790502E9,1.81199165E8))
(75030010,(2166138.0,385510.0))
(42050011,(648324.0,3750.0))
(28259060,(397075.0,56808.0))
(29173400,(1.0845425E7,5223584.0))
(3049310,(10257.0,937.0))
(94061000,(8.8427117E7,4.6699648E7))
(38091050,(2316126.0,2910451.0))
(38276200,(371344.0,10966.0))
(58030010,(734908.0,41788.0))
(54078300,(6307126.0,204685.0))
(72286020,(4545087.0,1621201.0))
(85232100,(4.4060121E7,1109608.0))
(66032000,(3719494.0,430323.0))
(33019021,(50479.0,967.0))
(12113000,(24613.0,379.0))
(32099000,(3.93106616E8,1.20230575E8))
(79031000,(2.6858048E7,9239736.0))
(12024100,(9212518.0,4717941.0))
(70060090,(1.77932422E8,2.0465332E7))
(29172000,(2.3161177E7,1.0094247E7))
(22042923,(8914994.0,942002.0))
(72166110,(1.45039621E8,1.0338204E8))
(76020090,(3.99875214E8,3.23420381E8))
(30029030,(1.52766607E8,1645483.0))
(27111900,(1.6595352E7,1.2919393E7))
(57029290,(1.5521255E7,3265885.0))
(82042000,(1.04635428E8,7113683.0))
(57050080,(3.3563729E7,9400665.0))
(73045982,(4.8997612E7,3.538538E7))
(55161200,(1.1637224E7,858422.0))
(74081100,(9.34149633E8,1.39307152E8))
(82079030,(2.8381002E7,1905080.0))
(17049061,(9.168032E7,1.7274727E7))
(47061000,(1.82743E7,1.1182327E7))
(29054491,(1.12588729E8,6.0509359E7))
(3054490,(386945.0,15398.0))
(3074391,(5626754.0,1367239.0))
(2084010,(1530.0,1529.0))
(43040000,(5396543.0,189179.0))
(39140000,(2.72559919E8,2.673026E7))
(93039000,(6058413.0,79255.0))
(3025300,(3.5954133E7,1.5163511E7))
(44041000,(2.9702399E7,5.8591422E7))
(2071130,(2.9597714E7,1.1099992E7))
(56012190,(1.4485502E7,3654948.0))
(20079997,(1.0914615E8,3.503364E7))
(61152100,(1.19173228E8,4544977.0))
(38276900,(5688814.0,250441.0))
(84659500,(6373461.0,316426.0))
(27011100,(7.69526E7,2.18282757E8))
(73201011,(5.9034145E7,1.8243452E7))
(52029900,(3.4814736E7,2.1369159E7))
(52121390,(8069601.0,344836.0))
(73065029,(947490.0,389869.0))
(39219030,(3.9088571E7,6306395.0))
(85181000,(1.29045978E8,1630240.0))
(82073010,(1.50544053E8,1.5823826E7))
(84151090,(5.21773261E8,4.3567057E7))
(20093955,(236160.0,26858.0))
(39234010,(1679790.0,350812.0))
(87089235,(3.68401163E8,2.0121803E7))
(70052180,(1.1100059E7,1.2866343E7))
(85334090,(1.01903367E8,1513770.0))
(30024200,(7.07076286E8,6885655.0))
(7099290,(1280362.0,443884.0))
(62059010,(7.4820694E7,1465818.0))
(3061210,(2.3641407E7,1190646.0))
(38159090,(1.44577537E8,3.5120543E7))
(67029000,(6.4435175E7,7297715.0))
(39209300,(386524.0,40364.0))
(52085200,(3.656878E7,1921069.0))
(60033010,(3140614.0,45536.0))
(41063200,(839368.0,60418.0))
(61033100,(1.1253423E7,73363.0))
(2044250,(2.3784657E7,3702761.0))
(40092100,(6.9985102E7,1.0053433E7))
(8024200,(1.7185508E7,2983922.0))
(3024390,(627.0,106.0))
(72171031,(9.2638895E7,1.37922989E8))
(85441190,(1.35819462E8,1.4468059E7))
(29181100,(8.2460716E7,3.4520142E7))
(3032300,(8929480.0,4919726.0))
(69139010,(2.6069261E7,1.1980488E7))
(73061900,(1.7016189E7,8991577.0))
(15180099,(4.8795568E7,2.9702E7))
(62043911,(998224.0,28755.0))
(85362090,(6.12446712E8,1.8933876E7))
(90200090,(1.34830087E8,877820.0))
(29391100,(2.9468537E7,70640.0))
(84152000,(1.87128842E8,1.2043829E7))
(64029993,(2.70590382E8,1.0939833E7))
(10059000,(1.170378087E9,4.362179142E9))
(3054980,(1.2265101E7,1601406.0))
(29321100,(1.093532E7,2993195.0))
(1023100,(41999.0,7000.0))
(54074100,(1.4551273E7,319717.0))
(15155011,(815500.0,165265.0))
(10051090,(1.33648029E8,6.64069E7))
(6029070,(7383486.0,918232.0))
(8029100,(2212049.0,131912.0))
(84254900,(1.73047465E8,1.1624379E7))
(55163300,(2949901.0,62783.0))
(20096951,(1.3451106E7,6558968.0))
(3034512,(4714.0,478.0))
(22042146,(4.53706674E8,6.5975518E7))
(29319000,(2.01881434E8,2.660714E7))
(7123300,(352082.0,30173.0))
(84716060,(1.81512261E8,3739364.0))
(90221300,(9.6688348E7,1261219.0))
(22086099,(3.5537799E7,1.4030274E7))
(62044100,(9.5064153E7,213363.0))
(84148059,(3.484207E7,2002732.0))
(64035999,(6.07076211E8,2969661.0))
(11042955,(153154.0,285955.0))
(29152400,(2.0003662E7,1.8685998E7))
(4032019,(3.2275188E7,1.4444993E7))
(2068099,(2.4896575E7,8432904.0))
(84303900,(1.9168736E7,1692213.0))
(84238121,(9831997.0,146302.0))
(43021975,(588496.0,2538.0))
(2074280,(7616908.0,1579776.0))
(94036010,(7.79406539E8,1.72957126E8))
(7108061,(1.1698661E7,7295961.0))
(90019000,(2.17749972E8,1262821.0))
(76061299,(5.60886726E8,9.3652208E7))
(84613090,(622868.0,35989.0))
(4022919,(6.0710783E7,1.6050083E7))
(20079920,(1.1342629E7,2295131.0))
(48045200,(79382.0,54831.0))
(84818071,(8865665.0,736708.0))
(96089100,(2510982.0,154613.0))
(51129091,(1096920.0,8980.0))
(32089011,(5902873.0,621539.0))
(2072670,(1.3179813E7,5466796.0))
(2074441,(1577871.0,2717016.0))
(4062000,(6.47647054E8,1.02862375E8))
(4029191,(33662.0,7156.0))
(22090019,(1.6602924E7,1.4865593E7))
(84662020,(7.8062096E7,2245976.0))
(12092315,(3543020.0,1549342.0))
(85395200,(5.59738289E8,2.3456717E7))
(6042090,(3.4338497E7,4607759.0))
(33061000,(2.99178765E8,5.3793082E7))
(8051080,(1.14673337E8,9.7153731E7))
(85414100,(1.61063037E8,1873553.0))
(90012000,(2287203.0,13285.0))
(73143100,(2.4646025E7,1.0894154E7))
(27111291,(2.5438387E7,4.4156919E7))
(72241010,(3669976.0,1566002.0))
(48025810,(3.340128E7,2.6927817E7))
(3019490,(758.0,33.0))
(88062190,(175425.0,164.0))
(62024010,(9.56106764E8,3.3521583E7))
(41012030,(5.4584976E7,9030247.0))
(12092280,(1.9773095E7,6853579.0))
(38244000,(9.886245E7,7.9020768E7))
(27101967,(1.256773445E9,2.557377228E9))
(84509000,(3.88833E7,6264195.0))
(39189000,(6.4081443E7,2.4093316E7))
(11010090,(242037.0,237992.0))
(96121020,(3679811.0,190921.0))
(85322400,(1.62165264E8,5213740.0))
(62069090,(7.257851E7,1182665.0))
(25171080,(2.1121884E7,1.168427206E9))
(31028000,(4.73782755E8,1.856494684E9))
(84162010,(2.2736688E7,568877.0))
(54041900,(3.1826856E7,2527415.0))
(2109931,(2014.0,201.0))
(64051000,(3.7855485E7,955469.0))
(2072691,(572018.0,544150.0))
(22042979,(2.9936414E7,2.4128259E7))
(3074335,(3797928.0,505007.0))
(68118200,(5.5123808E7,6.3286936E7))
(90152000,(5.2865497E7,50755.0))
(38099100,(3.81895222E8,3.22259218E8))
(90251120,(1531353.0,51382.0))
(7133100,(4200834.0,2984358.0))
(63022910,(7129692.0,246485.0))
(3035310,(1.6515082E7,1.4527699E7))
(85299020,(4.7828192E7,525382.0))
(31056000,(9.2781383E7,2.48752383E8))
(17026080,(1170798.0,1269916.0))
(28371900,(4843463.0,732580.0))
(16041519,(2585105.0,294849.0))
(44209091,(8519154.0,239198.0))
(25084000,(8.6638253E7,4.60392706E8))
(59069990,(5.3401553E7,2728972.0))
(84671190,(4.6832449E7,643466.0))
(72028000,(4317358.0,151452.0))
(32064910,(4008238.0,1.2112844E7))
(19053119,(3.06494688E8,6.2599914E7))
(61102099,(1.034418165E9,3.6264158E7))
(44111294,(1695311.0,705886.0))
(19021990,(6.1998826E7,3.9606006E7))
(55159940,(9617243.0,136682.0))
(59039099,(1.18283223E8,3712264.0))
(72223097,(3.1184362E7,3522771.0))
(70023900,(3.7427852E7,1.5217123E7))
(86063000,(2136.0,45.0))
(16053090,(1821815.0,146272.0))
(39121100,(4166104.0,233288.0))
(16041421,(7.1775516E7,1.3392056E7))
(62072100,(1.025632E7,415350.0))
(29034800,(1.294921E7,1305422.0))
(88021100,(4.05612344E8,260654.0))
(85364190,(3.04387871E8,4610716.0))
(90183290,(5.3783028E7,130186.0))
(52121110,(521383.0,51391.0))
(85141100,(6814325.0,363371.0))
(3036990,(1299248.0,338872.0))
(2074595,(5013955.0,2156716.0))
(28121300,(77208.0,16983.0))
(44212010,(1220822.0,399625.0))
(29094300,(6.1355955E7,4.596785E7))
(7051900,(1.29503065E8,8.0721649E7))
(70132890,(1.91768282E8,4.1571612E7))
(26169000,(3656455.0,181205.0))
(61041920,(1319889.0,39810.0))
(96081099,(1.4927945E8,1.0132687E7))
(17026010,(3144519.0,3762099.0))
(3045950,(9910.0,3355.0))
(85447000,(9.3773732E8,8.1032756E7))
(90041099,(1.20515593E8,669373.0))
(56039210,(1.9761727E7,2235755.0))
(22042188,(167447.0,24720.0))
(4041028,(866182.0,541008.0))
(44079591,(55870.0,20863.0))
(71141100,(1.7690996E7,61449.0))
(27101925,(1.74553519E8,1.61245858E8))
(83030040,(3.3474006E7,5628309.0))
(29343010,(4397516.0,5914.0))
(76129080,(5.86888593E8,7.2258764E7))
(16041939,(24098.0,7645.0))
(62112000,(2.295913E7,388267.0))
(89032390,(87275.0,2302.0))
(62045990,(8.6489691E7,796109.0))
(89039390,(4.9197639E7,1987915.0))
(15121110,(2.9750696E7,2.9830577E7))
(72222019,(6872427.0,1656305.0))
(81122900,(7213779.0,292625.0))
(34024200,(4.55785018E8,1.28790976E8))
(42060000,(2.3632988E7,178610.0))
(29333910,(52178.0,828.0))
(27101225,(2.172722935E9,3.650765289E9))
(3061910,(1126023.0,105304.0))
(88069400,(44454.0,182.0))
(41044951,(816128.0,21351.0))
(29251100,(2830970.0,265955.0))
(20049050,(1165473.0,743721.0))
(19019099,(7.30832133E8,3.00789295E8))
(2072740,(8587909.0,7262932.0))
(8129025,(180507.0,57053.0))
(85166090,(1.58637222E8,2.2442551E7))
(44072920,(97188.0,50928.0))
(20084071,(803657.0,438778.0))
(94059110,(7730144.0,426283.0))
(69120089,(1.8772524E7,1521773.0))
(27040010,(3.11363969E8,6.36221029E8))
(72085120,(6.94742371E8,6.49809895E8))
(73181558,(1.43960567E8,2.7685205E7))
(29011000,(8.4752342E7,3.4759613E7))
(27101981,(1.285680009E9,4.39965956E8))
(91081100,(2.0412988E7,11224.0))
(52063500,(45479.0,5862.0))
(84021100,(557862.0,8144.0))
(44032390,(2.9805654E7,2.95353126E8))
(28332980,(3.892049E7,1.23121722E8))
(22083019,(7517553.0,2995005.0))
(68079000,(2.7055401E7,1.5964775E7))
(29242910,(4783185.0,469721.0))
(2109959,(289186.0,58570.0))
(7082000,(2.04448471E8,1.67802143E8))
(85021120,(2.0704529E7,1332033.0))
(34024900,(1.18358485E8,6.0309932E7))
(72084000,(2.9805995E7,3.3440615E7))
(15159029,(426670.0,52417.0))
(3028590,(9865682.0,1433215.0))
(84081027,(1.9414454E7,880334.0))
(39203000,(3.12922816E8,1.14511487E8))
(69010000,(2.2339865E7,1.2282833E7))
(62059080,(7.2557994E7,577174.0))
(85366990,(1.341637059E9,3.8053279E7))
(92099950,(252216.0,2660.0))
(44072710,(987216.0,380029.0))
(61122000,(2770878.0,73048.0))
(48209000,(2.7085125E7,4668584.0))
(20089391,(1.0161098E7,2204528.0))
(57023900,(1706634.0,258267.0))
(52083219,(3310886.0,389044.0))
(94019910,(2.88849091E8,2170923.0))
(42032910,(5.9791499E7,4236690.0))
(44092100,(1.6240207E7,8814643.0))
(60052400,(242389.0,13529.0))
(37024400,(1260336.0,57872.0))
(90065900,(9991517.0,66699.0))
(84331970,(3684449.0,399673.0))
(43023025,(116663.0,231051.0))
(95083000,(3792084.0,275584.0))
(85142010,(1.0430914E7,308521.0))
(87059030,(6.731047E7,6611155.0))
(16056100,(170039.0,10919.0))
(29215190,(1.5941969E7,3522497.0))
(20089797,(3253649.0,871429.0))
(8061090,(1.5882501E7,6665070.0))
(63029910,(1839288.0,70728.0))
(52083296,(6616774.0,511246.0))
(43019000,(72825.0,8040.0))
(43021100,(9737714.0,37391.0))
(8039019,(2.20331082E8,2.44180127E8))
(72209020,(940762.0,96365.0))
(12092980,(6.2410911E7,2.1767037E7))
(84439910,(6.986303E7,783113.0))
(10031000,(3.9805253E7,1.1829068E8))
(12074010,(53237.0,22304.0))
(52092900,(1649941.0,135010.0))
(81083000,(5.6122341E7,8069008.0))
(90159000,(1.74353064E8,639065.0))
(40103300,(1.0889104E7,434552.0))
(84232010,(2935095.0,80444.0))
(84663000,(3.994773E7,516084.0))
(39069020,(780946.0,18559.0))
(48201090,(4.5918537E7,1.0090484E7))
(31024010,(3.77846332E8,1.29223909E9))
(73269030,(2.5934229E7,6175853.0))
(2045055,(58973.0,9778.0))
(84148080,(1.74277682E8,6333866.0))
(70022010,(5.0646709E7,338163.0))
(63064000,(4.7368011E7,3070051.0))
(3023599,(259583.0,80657.0))
(55052000,(275171.0,375689.0))
(7133310,(2.3929337E7,5141006.0))
(84072900,(2998169.0,91553.0))
(22042111,(1.06467428E8,1.6010064E7))
(54076130,(2.9856071E7,2843604.0))
(90089000,(4840939.0,15820.0))
(29314940,(1.7664833E7,1.0876676E7))
(72199080,(3.9009248E7,9345586.0))
(38012090,(6186410.0,3001729.0))
(84729080,(1.51475501E8,8122654.0))
(22071000,(1.701585149E9,1.359988526E9))
(3063590,(1213200.0,225668.0))
(52113200,(2.6073261E7,1788861.0))
(62105000,(2.78155852E8,6528267.0))
(30012090,(4415702.0,21195.0))
(29314100,(841899.0,78509.0))
(54083200,(1.0564739E7,369140.0))
(52082190,(4578067.0,349845.0))
(9109991,(1.2831146E7,2011619.0))
(15200000,(3.4415214E7,1.09168152E8))
(9021000,(8.1130155E7,6876117.0))
(85241900,(3.5510188E7,364631.0))
(62114310,(4.3717395E7,2352143.0))
(29034100,(1206356.0,36985.0))
(28112200,(3.7121516E8,1.7332678E8))
(7099920,(3621431.0,3043084.0))
(84571090,(1.83141488E8,1.2295941E7))
(35079030,(1550277.0,378809.0))
(73988000,(1474.0,102.0))
(85407100,(8978170.0,72854.0))
(17049075,(4.9841801E7,1.0329848E7))
(25171010,(1.55470111E8,8.832833444E9))
(48030010,(7.8722431E7,4.660628E7))
(26201900,(1.0776176E8,6.601749E7))
(10063025,(443510.0,371796.0))
(27109100,(69427.0,260316.0))
(90303200,(3.3358862E7,153597.0))
(29269020,(606923.0,52505.0))
(82014000,(7481478.0,1151584.0))
(94033091,(3.1717587E7,4973897.0))
(90138000,(5.7224336E7,298562.0))
(85419000,(9.2812536E7,3995766.0))
(81129970,(2000287.0,41159.0))
(85269200,(2.48807427E8,2052881.0))
(15109000,(1854390.0,482724.0))
(84081069,(3.3983963E7,1470320.0))
(84144090,(5.119843E7,2860972.0))
(37029790,(430208.0,3763.0))
(30021400,(3.354649022E9,47712.0))
(32081010,(7.7257092E7,1.5319675E7))
(84039090,(4.86182879E8,4.1151959E7))
(20099079,(3439.0,2663.0))
(81099100,(1582200.0,26125.0))
(22060010,(17729.0,22244.0))
(87162000,(8.5654396E7,1.3657635E7))
(90015080,(3.06612629E8,3595965.0))
(81129221,(1.215E7,4244034.0))
(95072010,(1.351247E7,436521.0))
(84368090,(1.18753332E8,1.4855722E7))
(44123320,(8.0123551E7,6.6032204E7))
(39171010,(2.9122422E7,1541174.0))
(72285061,(7.617328E7,3.7512422E7))
(84818099,(1.155100261E9,3.7152703E7))
(38089230,(7399969.0,854414.0))
(28369100,(7.9431129E7,2430322.0))
(40132000,(1.7450848E7,2189320.0))
(84796000,(1.469952E7,1716989.0))
(39077000,(1.6340666E7,2175451.0))
(20092100,(2.6475215E7,2.1930231E7))
(90215000,(2.88952321E8,93156.0))
(84292000,(2.959102E7,2602978.0))
(84483100,(1685806.0,76820.0))
(28100090,(2.4471928E7,2.9390263E7))
(20041091,(2326214.0,1173981.0))
(18069031,(2.75564291E8,3.0833915E7))
(39205100,(1.14816284E8,2.8439588E7))
(52052300,(1.0135765E7,1551603.0))
(69059000,(2950670.0,2759520.0))
(29223100,(990727.0,2316.0))
(78041900,(5.2699408E7,1.9317836E7))
(93062100,(4.2985159E7,7417839.0))
(85491310,(1121765.0,1316524.0))
(37023210,(710202.0,9791.0))
(84626110,(8894946.0,747800.0))
(84295290,(7.18914006E8,9.570215E7))
(87033319,(4.52854629E8,2.3111048E7))
(15021010,(8.1658094E7,7.8586375E7))
(52113900,(7800000.0,304116.0))
(44123110,(9.6952717E7,4.7993604E7))
(63039290,(2.27907739E8,2.8163666E7))
(90261081,(3.296347E7,305967.0))
(3034610,(162.0,21.0))
(7099990,(2.26254887E8,8.5882325E7))
(84281080,(1.36267957E8,2.3117988E7))
(18010000,(5.30009152E8,1.58218285E8))
(62041300,(6667329.0,156350.0))
(84702900,(1272366.0,30792.0))
(32061900,(2.34661178E8,5.5557573E7))
(84523000,(1353475.0,61663.0))
(85287260,(5860952.0,207233.0))
(38237000,(1.83344804E8,6.9387106E7))
(72092890,(544143.0,577160.0))
(85051990,(7.6246953E7,5948953.0))
(72105000,(6.3435968E7,4.7463628E7))
(62101010,(1.1705939E7,987115.0))
(28209010,(518008.0,377940.0))
(85176100,(9.7329682E7,485621.0))
(48030031,(1.57074987E8,1.2057056E8))
(28352930,(7834735.0,3604589.0))
(58012300,(1191178.0,99640.0))
(29331110,(95778.0,1204.0))
(87149190,(1.5655393E7,184988.0))
(20081999,(7.8746158E7,1.5891903E7))
(72101220,(4.02658712E8,2.84374014E8))
(85079080,(1.42315033E8,1.7181526E7))
(85321000,(2.129478E7,821199.0))
(61143000,(3.33444831E8,9524468.0))
(76041090,(9.0364458E7,2.0842041E7))
(44072983,(5722517.0,3051043.0))
(58109110,(6245224.0,45475.0))
(39161000,(2.61889E7,7429687.0))
(84254200,(3.7652766E8,4.4079886E7))
(68101190,(6.0406861E7,2.99349205E8))
(70080089,(1.3504618E7,3852762.0))
(54025100,(2435482.0,258633.0))
(82076090,(3099043.0,60071.0))
(63049300,(8.3858836E7,6503453.0))
(84193300,(2371736.0,48648.0))
(84807900,(1.19741482E8,5152213.0))
(4079010,(1.7195364E7,7219688.0))
(3077100,(2.8664535E7,4691152.0))
(87149610,(3.4743589E7,896526.0))
(61089100,(1.5286836E7,939234.0))
(72261100,(1.11280105E8,3.2934177E7))
(7095300,(1.0266697E7,1345413.0))
(29012400,(1.3902372E8,1.7678227E8))
(38180090,(4.2369175E7,55406.0))
(3048400,(5093963.0,636998.0))
(29375000,(3.286654E7,3874.0))
(12092945,(1.4672076E7,7741363.0))
(62042210,(1349712.0,53373.0))
(84521019,(4906052.0,399043.0))
(84418000,(8.8310363E7,3105384.0))
(85433070,(2.7807167E7,587331.0))
(30019020,(4004892.0,22885.0))
(71129200,(7.1027539E7,1851513.0))
(85023920,(2.8958882E7,195120.0))
(1063980,(1935484.0,71843.0))
(48051990,(9.5719978E7,1.97381862E8))
(28444210,(707844.0,95.0))
(23099020,(1.1906445E7,4069041.0))
(85451900,(1.32393608E8,2.4083858E7))
(29337200,(6046090.0,13590.0))
(84789000,(2442047.0,84130.0))
(23099041,(2.32400222E8,4.69568278E8))
(28469060,(2.7527079E7,212589.0))
(15171090,(1.36044826E8,7.3496376E7))
(2012050,(3.00259018E8,4.6885298E7))
(22043098,(2221053.0,445929.0))
(70071920,(2.5448589E7,1.0661194E7))
(29221700,(1143654.0,524232.0))
(8021190,(4517254.0,1007436.0))
(19059055,(4.61418056E8,1.16194215E8))
(10061079,(427757.0,691278.0))
(40101900,(1.5668089E7,572444.0))
(82059010,(2969024.0,377138.0))
(3047490,(1066105.0,185479.0))
(84118260,(2.8581857E7,445575.0))
(71041000,(332951.0,3330.0))
(57033910,(3279972.0,1370043.0))
(55096100,(2360133.0,187729.0))
(3049590,(1095267.0,223086.0))
(22042293,(419786.0,310872.0))
(73045989,(2427043.0,751018.0))
(20098988,(1335992.0,973714.0))
(39201089,(2.78152383E8,9.4161925E7))
(73182300,(4.2801046E7,3620163.0))
(84112100,(2.7274174E7,20661.0))
(7129005,(3388096.0,1462750.0))
(84879090,(4.06841833E8,4.031189E7))
(21050099,(4.06759789E8,8.3507999E7))
(8092100,(650559.0,213266.0))
(12071000,(234497.0,567082.0))
(85072080,(5.67985235E8,1.27922671E8))
(62031990,(9909653.0,179423.0))
(16024915,(8806166.0,1220665.0))
(31059080,(9.0058437E7,9.0163919E7))
(29038300,(649080.0,1770.0))
(21042000,(7.1098368E7,1.5032518E7))
(28276000,(5.4372431E7,870226.0))
(12122100,(1.1396241E7,1242296.0))
(33029010,(3.9046028E7,4181706.0))
(3061791,(4400015.0,545609.0))
(81061090,(281247.0,31334.0))
(52094300,(1411215.0,46464.0))
(20089734,(180.0,14.0))
(61013010,(1.5299791E7,592575.0))
(68151100,(4.54728504E8,1.4886056E7))
(55129910,(989198.0,72017.0))
(70191200,(1.18977169E8,9.0100088E7))
(22030001,(8.48181768E8,5.99006143E8))
(68114000,(103705.0,37848.0))
(22083082,(2.62802875E8,2.4862626E7))
(47042100,(2.8226145E7,3.7488601E7))
(3047910,(124715.0,13963.0))
(39181090,(4.5354299E8,1.98395721E8))
(87012900,(5.5485433E7,1.5986207E7))
(49021000,(3.2623216E7,2681161.0))
(81092100,(2.1087167E7,245916.0))
(87042391,(2.265891349E9,2.06049761E8))
(10051013,(1.21648403E8,2.7221919E7))
(84561290,(115658.0,2082.0))
(74102100,(2.8053081E7,608290.0))
(57025090,(2916773.0,532778.0))
(84383000,(1.4431926E7,2310767.0))
(39049000,(9518377.0,6382459.0))
(57024110,(689638.0,11074.0))
(9081200,(8646985.0,776814.0))
(28432100,(1.5280398E7,288236.0))
(84834059,(4.7014087E7,4094607.0))
(64035950,(1.2345464E7,150002.0))
(37040010,(2252230.0,115914.0))
(84502000,(1.17151399E8,2.5277739E7))
(85142080,(5121167.0,422184.0))
(37050090,(6.5377419E7,266095.0))
(84238289,(7642646.0,253660.0))
(72044191,(1.240972E7,3.484216E7))
(71022100,(33820.0,53.0))
(85076000,(3.480901805E9,1.18884782E8))
(8052900,(1.5596123E7,1.1125878E7))
(89019090,(7110022.0,1474194.0))
(61069010,(1.0575981E7,93407.0))
(48025530,(2.2454194E7,2.0156066E7))
(61042200,(7667302.0,414962.0))
(63014090,(4.7219016E7,9170970.0))
(84572000,(5460229.0,354462.0))
(84581149,(4.3189599E7,1801528.0))
(84323990,(7752901.0,539488.0))
(29329500,(506007.0,61097.0))
(83081000,(8.1064765E7,3576512.0))
(64039996,(1.507974447E9,1.9586616E7))
(48041119,(8.5972755E7,1.39733151E8))
(38062000,(7737386.0,4780908.0))
(84143089,(3.66684973E8,2.7311525E7))
(82021000,(3.3864156E7,2752286.0))
(85340019,(2.19244688E8,1982620.0))
(63053290,(1.9085784E7,7080460.0))
(84269110,(2.69142697E8,1.7651156E7))
(19059020,(2.3488017E7,1.6144582E7))
(46012190,(3114924.0,2727475.0))
(90109020,(2246875.0,48451.0))
(27129099,(5.0244149E7,2.9126143E7))
(2109910,(91236.0,52287.0))
(38069000,(2.478902E7,9087168.0))
(39211400,(1.7174483E7,3975797.0))
(19041030,(1.39804558E8,3.8506111E7))
(3027400,(296368.0,40238.0))
(57023200,(1.1636879E7,3117561.0))
(42029900,(1.62430811E8,1.1486202E7))
(48219010,(6.1137047E7,9139146.0))
(19049080,(4.1274572E7,2.1015384E7))
(44079115,(2.6917246E7,1.0397041E7))
(52054400,(8577715.0,907850.0))
(84852000,(1.6670642E7,258340.0))
(61101210,(1.17191814E8,651521.0))
(6029091,(1.60042834E8,4.1239803E7))
(56021031,(178517.0,9160.0))
(73042300,(5641472.0,1671450.0))
(81130040,(1.9415162E7,3913772.0))
(3073110,(6.8153877E7,4.7135385E7))
(28499090,(895880.0,22623.0))
(40024900,(1.7874809E7,2995442.0))
(96200099,(8580083.0,352849.0))
(20081992,(3.3118945E7,4259790.0))
(41062290,(632873.0,256299.0))
(72163219,(9871156.0,1.1367705E7))
(7129019,(1596325.0,959037.0))
(45031010,(1.39891139E8,3639777.0))
(68118900,(6215962.0,4545010.0))
(84213915,(2.1457048E7,667596.0))
(9011200,(3.4644037E7,5506818.0))
(10063046,(2536146.0,1309795.0))
(27101946,(3.3759035E7,4.201474E7))
(4039061,(2.7740643E7,2.0537617E7))
(22083061,(3784087.0,501399.0))
(12141000,(5.7595484E7,1.93061448E8))
(20082090,(2.3586914E7,1.3385792E7))
(76061250,(2.53960535E8,5.075793E7))
(29181940,(364461.0,21301.0))
(42029298,(4.542444E8,3.5051802E7))
(61023090,(1.9627646E8,7214051.0))
(84669195,(4.3439097E7,2.2668656E7))
(17019990,(2.8712623E7,2.6043254E7))
(70133751,(7554576.0,1171155.0))
(85030010,(2.4912179E7,2106292.0))
(29322010,(353632.0,25925.0))
(84119100,(1.7541630715E10,1.6097694E7))
(8134030,(746905.0,228783.0))
(72011011,(2748280.0,955805.0))
(90241040,(2958397.0,28849.0))
(5080010,(71709.0,20199.0))
(29372900,(3.90588407E8,163095.0))
(55151190,(1.7239626E7,1179686.0))
(61082100,(2.21821268E8,7992266.0))
(85159020,(1.087789E7,266943.0))
(73202089,(4.3862167E7,5642430.0))
(15149110,(5111717.0,7504011.0))
(74112110,(2.8037067E7,4050110.0))
(8135031,(120066.0,21045.0))
(29270000,(1.4878028E7,1897014.0))
(29280010,(167849.0,16084.0))
(70109041,(9.4388818E7,1.17739107E8))
(29095000,(3.7635471E7,4074081.0))
(2109210,(59384.0,7775.0))
(72193410,(1.1237357E8,3.2748288E7))
(17022090,(3.489031E7,4614349.0))
(8109075,(6.8286558E7,3.3213233E7))
(90278910,(4395615.0,17592.0))
(68042250,(1.1371882E7,285674.0))
(28332700,(1205865.0,763341.0))
(40013000,(841041.0,77873.0))
(12099910,(1839796.0,51126.0))
(72269199,(3.0734489E7,2.6152389E7))
(68022300,(2.6801585E7,5.3570933E7))
(4049029,(265433.0,276916.0))
(56049010,(8.3423397E7,5230139.0))
(16024950,(1.7851665E7,3636722.0))
(69101000,(1.94969674E8,7.0007597E7))
(72191310,(3.16555828E8,1.26297589E8))
(38030010,(1.6650923E7,1.4912104E7))
(84073320,(1.2109308E7,773967.0))
(87084020,(8.22412061E8,6.630469E7))
(33012931,(788367.0,10909.0))
(39112000,(3659060.0,376945.0))
(15131911,(1057584.0,175703.0))
(58079010,(797125.0,23330.0))
(23065000,(194912.0,68251.0))
(29354000,(161.0,0.0))
(38249964,(2.30885515E8,1.0648404E7))
(91101190,(659365.0,1495.0))
(70191900,(7.5379016E7,2.0723369E7))
(70051025,(1.3436411E7,5248058.0))
(29372200,(9.2708068E7,22298.0))
(27149000,(9.2906245E7,2.45780636E8))
(69072300,(1.72979317E8,2.77590291E8))
(44123390,(2.8343991E7,2.1174722E7))
(84626390,(529413.0,9448.0))
(15030019,(71425.0,3402.0))
(3055190,(2.9706249E7,4099739.0))
(84818085,(2.18219388E8,1.1823726E7))
(84705000,(2.41670549E8,2786397.0))
(81089090,(5.83124605E8,3482956.0))
(29161500,(2.4912667E7,7083799.0))
(64039198,(8.4100325E7,1335390.0))
(87085091,(2.77985561E8,4.3106748E7))
(72126000,(7744266.0,1422007.0))
(6031100,(1.28806606E8,1.5700095E7))
(85017200,(5852782.0,301525.0))
(4090000,(1.43866639E8,4.0277247E7))
(76012040,(3.16514843E8,1.20842096E8))
(4041056,(37387.0,1254653.0))
(39206290,(1.40631781E8,5.7926537E7))
(87043210,(1232240.0,365360.0))
(3079200,(8135472.0,1873452.0))
(57011090,(1.2202944E7,294875.0))
(72125069,(6256776.0,5399829.0))
(34023990,(2.08886477E8,9.0869306E7))
(44072899,(3002442.0,2807361.0))
(63079092,(2.0855007E7,3300257.0))
(7089000,(8049586.0,7686066.0))
(56021038,(2417628.0,141443.0))
(89031900,(6.6425106E7,1860264.0))
(72125090,(8526204.0,4073476.0))
(25010010,(1.2090293E7,6341970.0))
(38249950,(4.7710272E7,1.007864E7))
(3036612,(777497.0,368259.0))
(60062200,(4.110896E7,2328656.0))
(38248900,(537522.0,170421.0))
(44039600,(340687.0,6113727.0))
(16042030,(330472.0,14921.0))
(8071100,(2.98754128E8,3.72754722E8))
(39252000,(2.4861868E8,4.1474788E7))
(3028940,(89180.0,17721.0))
(90181400,(4.9391653E7,351817.0))
(15159099,(2.17417945E8,6.575075E7))
(29091990,(7.47373024E8,7.11958248E8))
(84335911,(7.7326665E7,5331751.0))
(90079200,(9149814.0,49681.0))
(39045010,(1014135.0,1.862236E7))
(29146100,(7240.0,2761.0))
(26050000,(47943.0,4233.0))
(88062400,(51410.0,47.0))
(85065010,(1.443107E8,1.1133222E7))
(27102016,(3.9199968E7,7.9408392E7))
(29224920,(1981740.0,193191.0))
(84625900,(2079449.0,88453.0))
(90189030,(3.13026654E8,9964283.0))
(73110011,(1.8611676E7,2959400.0))
(12079190,(1.1247859E7,5423190.0))
(85437004,(1.2378681E7,8274.0))
(20081110,(3.5944997E7,8604990.0))
(16052110,(2.7865903E7,3012784.0))
(84012000,(9396887.0,221235.0))
(62013090,(6.8746164E7,1235138.0))
(18062080,(8.80363E7,3.4478054E7))
(3047980,(712426.0,183473.0))
(44101900,(8336215.0,1.4191317E7))
(90262040,(6.2826509E7,758170.0))
(22085091,(251536.0,92534.0))
(39201040,(2.71135324E8,8.6270631E7))
(3036619,(353363.0,93009.0))
(85139000,(3984855.0,96923.0))
(84089021,(3484868.0,112515.0))
(22082018,(7.8677951E7,1.9693919E7))
(17011310,(376031.0,286038.0))
(28259011,(272720.0,240250.0))
(72255080,(1.67876024E8,1.7723357E8))
(81122200,(783981.0,67936.0))
(84399100,(4.987882E7,1567194.0))
(64061010,(3.0198931E7,689370.0))
(65010000,(430143.0,12077.0))
(95066200,(1.25144805E8,9886102.0))
(85391000,(6.7323848E7,1424754.0))
(23091019,(4502631.0,1166091.0))
(13022090,(3839365.0,307154.0))
(72161000,(1.0587276E7,1.2393294E7))
(26204000,(2957628.0,5033017.0))
(64019290,(5.0340966E7,6059468.0))
(96190075,(6.6416266E7,4088470.0))
(29130000,(481673.0,30826.0))
(58019090,(2003391.0,34709.0))
(63022210,(5149713.0,1214144.0))
(85241200,(2398197.0,12213.0))
(8132000,(5.4061658E7,1.3909641E7))
(20093199,(1.0014732E7,1.052417E7))
(86090090,(4.99900413E8,1.68002469E8))
(27072000,(77445.0,54366.0))
(64052099,(2.6481142E7,1151760.0))
(22042279,(8050120.0,3632457.0))
(22041096,(3.5641505E7,8032455.0))
(13990001,(2658321.0,59092.0))
(3019917,(2977619.0,288824.0))
(20087011,(248193.0,172490.0))
(3023410,(305724.0,118830.0))
(1051191,(1.1503799E7,2188915.0))
(28220000,(1.0570434E7,536196.0))
(84411070,(1.8849536E7,758138.0))
(2075190,(148587.0,11429.0))
(75052200,(5.37642006E8,1.6643005E7))
(24011085,(1.1914135E7,2187789.0))
(84182191,(3.9018247E7,9853291.0))
(72125020,(74926.0,41775.0))
(62034251,(5557047.0,167022.0))
(50072021,(791486.0,2035.0))
(84249020,(3.856729E7,3300996.0))
(87081010,(1.43837625E8,1.3023238E7))
(30043100,(2.572119119E9,1.3845448E7))
(70033000,(3511210.0,251167.0))
(48195000,(3.11134136E8,6.0597025E7))
(71181000,(1.0258416E7,134551.0))
(29291000,(8.2777098E7,3.2242326E7))
(25049000,(1358412.0,2868454.0))
(1022190,(3.9222641E7,1.0592019E7))
(3025419,(2.9214831E7,6639462.0))
(85015394,(2.9146085E7,1928923.0))
(25151200,(6309409.0,1.0101986E7))
(86021000,(3.2632124E7,889270.0))
(84122180,(3.31038253E8,1.3981183E7))
(72085400,(4.3984147E7,4.9506331E7))
(29315990,(7052559.0,942772.0))
(44072997,(129564.0,84873.0))
(48055000,(6140377.0,3409930.0))
(4039033,(1347.0,554.0))
(48042190,(2739010.0,1934521.0))
(90303900,(1.23257269E8,1040329.0))
(29039910,(288050.0,34315.0))
(59080000,(1381505.0,71478.0))
(96122000,(9984126.0,386908.0))
(4081180,(2.7934506E7,2854055.0))
(15151910,(1173554.0,686172.0))
(63025990,(1.221131E7,1072506.0))
(84129040,(1.65393087E8,5676918.0))
(51129098,(7119251.0,74766.0))
(90211010,(6.2440476E8,8682868.0))
(44031200,(3608516.0,2.0210837E7))
(42021990,(2.7132634E7,1587997.0))
(90011090,(1.29879714E8,1717920.0))
(22042118,(4182869.0,655666.0))
(84341000,(9.0876236E7,2268131.0))
(30061090,(1.50797058E8,592509.0))
(51062010,(2745138.0,331537.0))
(40027000,(1.43041619E8,4.91463E7))
(70159000,(1.1141081E7,604731.0))
(28129000,(2.9305831E7,1557096.0))
(20087039,(232.0,9.0))
(28443069,(26056.0,9.0))
(87032290,(5.39212589E8,5.9146622E7))
(20019097,(3.6653598E7,1.8026193E7))
(20091911,(191436.0,183374.0))
(72285040,(7343923.0,3581829.0))
(90158020,(2.55217844E8,1597595.0))
(84212200,(3.823906E7,780113.0))
(29333700,(406434.0,13512.0))
(84798100,(4.3610996E7,1707930.0))
(8119050,(2.8043761E7,8642183.0))
(84183080,(7501164.0,1615392.0))
(74032100,(1.25368169E8,1.9631934E7))
(4069035,(273148.0,19477.0))
(71090000,(2418447.0,51996.0))
(55152219,(1894270.0,82610.0))
(74153900,(3.6333578E7,1270381.0))
(16029010,(619362.0,113549.0))
(49111090,(3.15428676E8,7.9649584E7))
(58062000,(3.3626306E7,2423297.0))
(2075561,(337282.0,103435.0))
(4021099,(1.1112642E7,4019701.0))
(28080000,(4.8328493E7,1.91667665E8))
(20089951,(2153346.0,257220.0))
(44111497,(6661623.0,2444991.0))
(85015100,(4.15291648E8,1.8826225E7))
(81129291,(7465217.0,188773.0))
(61123190,(6.6014139E7,1719916.0))
(25301000,(1.6394007E7,5.1200248E7))
(72222089,(1.569564E7,4088750.0))
(3083050,(2742.0,520.0))
(84631010,(1097961.0,64181.0))
(52041100,(1432836.0,137135.0))
(63061900,(3.7100114E7,6665216.0))
(55122910,(373770.0,11547.0))
(84679100,(1.7234137E7,630159.0))
(15132919,(446868.0,149142.0))
(1029099,(2959092.0,712464.0))
(16024110,(2.31481174E8,3.191955E7))
(72163310,(6.2948762E7,7.7231725E7))
(26211000,(3085922.0,4.2502935E7))
(19049010,(1.22970962E8,4.7775458E7))
(87032311,(1.19501971E8,6194902.0))
(82090020,(1.71041295E8,515582.0))
(83025000,(1.04563458E8,1.2751847E7))
(23069011,(2616556.0,1.4110098E7))
(68149000,(4125307.0,195632.0))
(29039980,(2.3738483E7,4290572.0))
(70196100,(1.6772694E7,5414856.0))
(90173000,(3.7675844E7,544758.0))
(28342920,(1.2937375E7,4173460.0))
(4022191,(1.7297793E7,3504494.0))
(40111000,(4.688820485E9,7.09005243E8))
(84858090,(1624070.0,77917.0))
(44152020,(3.48570612E8,6.12737733E8))
