(20059950,(1.89945478E8,1.05959026E8))
(84335100,(4.40873181E8,4.2074648E7))
(21061020,(8.5019333E7,2.0153492E7))
(62031200,(3.576671E7,966438.0))
(10011100,(4.6609102E7,1.11469453E8))
(4029199,(830962.0,314844.0))
(27111397,(2.15186271E8,3.36287076E8))
(84135061,(1.39159449E8,4540150.0))
(84833038,(8.8773281E7,8523097.0))
(22042994,(9476260.0,9803562.0))
(70189010,(944293.0,21245.0))
(48131000,(1.59902572E8,1.0456998E7))
(38249965,(2.7621924E7,4.0434242E7))
(39211310,(1.58708588E8,3.0841714E7))
(38089910,(2.8868431E7,6768633.0))
(72011019,(3.793271E7,6.5283257E7))
(84244100,(2.4291844E7,2411022.0))
(73066192,(1.29330246E8,1.22581424E8))
(31042050,(1.7862967E8,4.15389779E8))
(38249930,(1309206.0,129828.0))
(84137021,(2.82957086E8,2.3216364E7))
(29052910,(3731107.0,1578995.0))
(84143020,(3.0480642E7,8101584.0))
(39269060,(1.8732018E7,613473.0))
(2091011,(5.6310165E7,4.0485964E7))
(52082296,(1182182.0,99651.0))
(84485110,(153415.0,2063.0))
(91059100,(5293638.0,221739.0))
(15220091,(4692264.0,3.8527663E7))
(25030010,(1.9176358E7,1.18988336E8))
(84136020,(5.7148797E7,1954100.0))
(96062200,(2.3595651E7,514181.0))
(84211970,(4.2090392E7,1292040.0))
(85491290,(215799.0,56894.0))
(18069060,(4.10126084E8,9.6258177E7))
(72109040,(1.1906188E7,4585890.0))
(52122490,(6128365.0,168724.0))
(62034259,(3707858.0,84466.0))
(28415000,(2931207.0,955193.0))
(73045983,(6.0723375E7,1.9831806E7))
(46019905,(174061.0,12387.0))
(17011290,(4530560.0,2967268.0))
(15155019,(7467466.0,1222131.0))
(84624900,(6030542.0,550733.0))
(22011011,(7.54019042E8,2.600923734E9))
(7031090,(3.9884889E7,3.3762192E7))
(85361090,(9.3868837E7,4121775.0))
(72269200,(3.04801464E8,2.4163369E7))
(5111000,(3.3719562E7,26275.0))
(84109000,(4.2603202E7,1819915.0))
(3074980,(9559126.0,2025779.0))
(72189911,(4.2236108E7,1.062178E7))
(33011210,(4.9695855E7,2524620.0))
(3019911,(4.9237977E7,4731011.0))
(23024002,(5985199.0,1.2960336E7))
(72224050,(8039431.0,1073550.0))
(47073090,(2.6584048E7,1.94596363E8))
(72121010,(4147152.0,1554158.0))
(20087019,(86762.0,15125.0))
(79011100,(3.90038528E8,1.39702347E8))
(28369990,(1.2834634E7,1.1851454E7))
(61083900,(3265052.0,133063.0))
(20039090,(1.4122979E7,4747399.0))
(4069099,(3.72513445E8,4.287182E7))
(87019110,(1.14928448E8,1.6347814E7))
(29039400,(67.0,1.0))
(61149000,(1.36826685E8,2558776.0))
(84451300,(2644849.0,191424.0))
(57032910,(1.8375778E7,2845570.0))
(28332960,(21127.0,1026.0))
(84145995,(1.61855547E8,5268688.0))
(19053211,(1.70784277E8,2.6662896E7))
(29037300,(8127.0,420.0))
(52051300,(234934.0,64935.0))
(87032410,(1.104810415E9,1.0653149E7))
(4032013,(1.5304393E7,8206164.0))
(80011000,(8.6229079E7,3482745.0))
(85234110,(5573281.0,437059.0))
(4011090,(2.5461571E7,9.9631356E7))
(73221900,(1.71702737E8,3.9831208E7))
(52091200,(4689133.0,1022704.0))
(25181000,(8950176.0,1.66601069E8))
(70109021,(3.7647869E7,1.2380153E7))
(73261100,(2531266.0,811523.0))
(85015290,(3.02437387E8,1.4496408E7))
(84735080,(5.3329257E7,577567.0))
(81130090,(2.5554321E7,216130.0))
(85322100,(4.0049707E7,210156.0))
(44072291,(104370.0,21889.0))
(87150010,(6.2355199E7,6516188.0))
(81093900,(60916.0,2545.0))
(6029099,(1.54175811E8,3.8091411E7))
(47010090,(1329444.0,2883139.0))
(41079910,(5.4786067E7,1554643.0))
(44189100,(2.95463E7,1.9295993E7))
(85491920,(10204.0,742.0))
(30019091,(1.304744838E9,794261.0))
(85131000,(1.94066588E8,5651101.0))
(73066199,(3.11423718E8,3.11414537E8))
(39153000,(9366519.0,2.2146383E7))
(28212000,(225311.0,203908.0))
(85287191,(1.02278218E8,1214015.0))
(85340090,(3.41720741E8,3699984.0))
(4032041,(198911.0,29085.0))
(73269094,(1.54352732E8,3.9897142E7))
(15030090,(1690704.0,1241414.0))
(20089938,(15391.0,14055.0))
(84141081,(3815814.0,53060.0))
(81122110,(228915.0,22116.0))
(38061000,(1.7018985E7,8521310.0))
(29182200,(683997.0,154872.0))
(29349990,(1.323958861E9,1.9620811E7))
(38231100,(2.4325835E7,1.3654631E7))
(72107010,(4.3076426E7,2.1067689E7))
(87041090,(4.410352E7,4438222.0))
(20098996,(1466322.0,472043.0))
(12091000,(2.58563216E8,2.0291283E7))
(73144900,(6.3161618E7,2.0844572E7))
(84333000,(1.90791232E8,2.0019523E7))
(76061230,(6.4730637E7,1.6260571E7))
(61159500,(4.68373522E8,2.9066894E7))
(21033090,(1.51191031E8,5.3443879E7))
(39012090,(1.047184119E9,7.79351885E8))
(82055910,(5.618028E7,6504164.0))
(39041000,(9.56863525E8,9.48140837E8))
(35030010,(3.25718996E8,3.5667451E7))
(39111000,(2.59686381E8,1.20544421E8))
(11032050,(6946.0,4555.0))
(73043120,(9.9996066E7,3.3530464E7))
(48236910,(5.8338861E7,1.7283494E7))
(38249993,(2.88242581E8,2.44740971E8))
(40040000,(1.5849988E7,3.8598426E8))
(8131000,(6.236739E7,1.0344316E7))
(38086900,(1.42901743E8,9701922.0))
(72285069,(1.22484172E8,6.7747722E7))
(48173000,(1.349809E7,3400231.0))
(85124000,(1.31068407E8,1.4558844E7))
(48103210,(6807561.0,4168866.0))
(40169997,(8.95548394E8,3.974363E7))
(90181100,(6.3867144E7,734755.0))
(85177900,(4.52605696E8,8841719.0))
(54049090,(3.0359991E7,8257497.0))
(54033200,(50172.0,2446.0))
(81033000,(1868591.0,9187.0))
(15079090,(1.6989613E7,1.1658381E7))
(54022000,(9.818346E7,4.0851838E7))
(28299010,(1.5598795E7,1759798.0))
(44141010,(1471677.0,40559.0))
(1051500,(1907416.0,90443.0))
(29224200,(1.22444914E8,5.8458206E7))
(28054010,(28.0,0.0))
(96086000,(3.6911724E7,645337.0))
(72230091,(1.0305268E7,2198913.0))
(6049091,(5672554.0,923062.0))
(23032010,(5.3488568E7,3.36516238E8))
(26203000,(3405444.0,1235359.0))
(62042918,(4481697.0,301436.0))
(68099000,(1.6560299E7,1.0667196E7))
(56031490,(1.29451556E8,3.1282877E7))
(90241020,(8254528.0,87328.0))
(48109230,(1.74677524E8,1.85736856E8))
(94049010,(2.3994714E7,2365020.0))
(29371900,(5.06272424E8,36205.0))
(62044990,(2.19838516E8,3159317.0))
(67042000,(1.9342781E7,264022.0))
(84081091,(1.7150661E7,1191896.0))
(2031959,(9.8873738E7,5.561586E7))
(12129941,(2073649.0,668919.0))
(84263000,(2991949.0,522582.0))
(85439000,(4.12899829E8,5283385.0))
(35051010,(1.45636251E8,9.1207718E7))
(19042095,(1885389.0,522198.0))
(29311000,(1079427.0,250525.0))
(29335500,(107535.0,905.0))
(20087061,(1.2505787E7,6296495.0))
(44071990,(1.11164882E8,2.21194198E8))
(32151900,(5.66057086E8,5.8888351E7))
(2076010,(5265179.0,386883.0))
(73181692,(1.47850387E8,2.4469624E7))
(96170000,(1.07154237E8,8500369.0))
(43031090,(1.67019024E8,365396.0))
(7108069,(4.5079585E7,2.0841875E7))
(85182100,(1.96545516E8,6049798.0))
(35040090,(4.41846857E8,6.8641344E7))
(11062010,(558659.0,503259.0))
(62160000,(9.856759E7,2450970.0))
(28142000,(2.7089198E7,8.2639405E7))
(84148011,(7.62269774E8,2.556168E7))
(85269180,(2.20061624E8,298671.0))
(3074399,(3.6084866E7,1.0089881E7))
(28990001,(6.4432957E7,1.6851147E7))
(39013000,(2.34514734E8,1.26951893E8))
(53109000,(997567.0,109847.0))
(85401200,(111473.0,2029.0))
(84331110,(2.99102932E8,1.8842872E7))
(3078200,(2658.0,426.0))
(84802000,(3400582.0,282026.0))
(53011000,(1.5586569E7,1.4988062E7))
(2089030,(6.3953172E7,1.0151297E7))
(44079410,(1786.0,1.0))
(41064090,(1.5958378E7,35878.0))
(49090000,(5.7453881E7,3157598.0))
(85499900,(6842417.0,1.1045149E7))
(61124990,(4977733.0,75173.0))
(62046950,(2.4974207E7,941526.0))
(52082219,(7610706.0,907440.0))
(10063096,(3.3060347E7,1.8676922E7))
(89069099,(1.1662668E7,227525.0))
(81029500,(7027498.0,57536.0))
(20084051,(1.9379264E7,1.0385625E7))
(9042190,(8766526.0,1213153.0))
(52052700,(1185124.0,80677.0))
(44012210,(1.5938117E7,1.23018888E8))
(94018000,(3.96090379E8,5.2397057E7))
(19023090,(9.9089881E7,3.7212914E7))
(48070030,(3.6753607E7,3.4267606E7))
(67049000,(6677554.0,276574.0))
(72029100,(2.5691113E7,5293758.0))
(55132900,(818661.0,33337.0))
(84732910,(7350627.0,328254.0))
(52084200,(6705494.0,317087.0))
(29333925,(1.9737824E7,863223.0))
(92093000,(3.7283454E7,332813.0))
(30019098,(1.27180616E8,95061.0))
(3038965,(3194858.0,717108.0))
(71042100,(353933.0,5418.0))
(50079050,(2673206.0,30403.0))
(85491220,(27186.0,555187.0))
(39191080,(2.89704443E8,2.8546946E7))
(28181011,(5.815418E7,3.7610113E7))
(65061080,(1.3202351E8,2156068.0))
(87019390,(1.9623354E7,1525036.0))
(90171090,(700995.0,40799.0))
(84836020,(7.8098365E7,1771320.0))
(95030039,(5.5409429E7,5254289.0))
(3061799,(9.6761304E7,1.2785689E7))
(3029900,(1029455.0,106659.0))
(40091100,(1.17160811E8,8534196.0))
(61022090,(7.7833851E7,2252616.0))
(55143050,(749521.0,26014.0))
(87049000,(6.22631364E8,4.7055612E7))
(22042224,(306014.0,28309.0))
(73231000,(1.2894708E7,2146312.0))
(64029931,(9.0543764E7,5268179.0))
(23050000,(3072979.0,6718558.0))
(28261910,(5056372.0,1721227.0))
(8109020,(9.2090447E7,2.734597E7))
(66019100,(2.3003612E7,1897352.0))
(11081400,(1.0887373E7,6484192.0))
(26070000,(700075.0,398310.0))
(9092100,(3997138.0,1833168.0))
(85143110,(439300.0,5044.0))
(15094000,(1.2156552E7,1820341.0))
(20094999,(4665102.0,2703083.0))
(2071320,(3.1243744E7,1.5249194E7))
(95030081,(6.0954263E7,5808387.0))
(3049521,(1299014.0,346605.0))
(7144000,(2900788.0,2191134.0))
(84243001,(4.3765288E7,2556139.0))
(40159000,(1.75949E7,666733.0))
(95065900,(6.9941451E7,1524821.0))
(84089043,(1.33507614E8,9461215.0))
(20086011,(1546094.0,254692.0))
(70181051,(3321364.0,58664.0))
(29021900,(1.35670679E8,3.9756596E7))
(39172390,(4.8821333E7,1.936178E7))
(84762100,(4.9880588E7,2599706.0))
(61142000,(1.16032288E8,4521882.0))
(2071110,(1.6556317E7,9137036.0))
(48030039,(1.9563073E7,5957989.0))
(85044060,(6.23483808E8,1.4314486E7))
(87044310,(344383.0,327050.0))
(81129950,(4159521.0,61066.0))
(73042910,(7.7652022E7,2.8480131E7))
(84101300,(1267069.0,37720.0))
(92059050,(703807.0,10611.0))
(29054499,(5915724.0,2932070.0))
(48059320,(1.30039379E8,2.14821613E8))
(73084000,(3.30019931E8,1.21383016E8))
(71049100,(1969416.0,145.0))
(4022199,(1.863889E7,3553439.0))
(20089714,(183660.0,38074.0))
(87042399,(6.6475739E7,4.4451754E7))
(72202021,(9879377.0,2289133.0))
(20099073,(2316.0,2113.0))
(22042119,(1270052.0,250211.0))
(28121910,(138.0,0.0))
(27011290,(5.80765094E8,2.340343992E9))
(85365080,(1.138591415E9,2.6150398E7))
(42029110,(2.34732734E8,1121676.0))
(73239400,(4.0488066E7,4929841.0))
(35019090,(1.29041451E8,1.33182E7))
(50071000,(423672.0,10262.0))
(54026200,(4018976.0,517522.0))
(84831050,(5.3433109E7,4199422.0))
(73053900,(3.0769825E7,2.3525066E7))
(29051685,(1.11589109E8,9.3143051E7))
(27102038,(2590.0,3620.0))
(90318020,(3.63059436E8,4999424.0))
(96100000,(4.651975E7,8244720.0))
(82072010,(6220290.0,18470.0))
(81130020,(1.4464835E7,153870.0))
(2075499,(58911.0,10107.0))
(84238220,(1.3133547E7,495875.0))
(30024110,(3.48667349E8,94365.0))
(85232990,(1.7190272E7,141163.0))
(84512900,(3.3065031E7,3002307.0))
(22042980,(4.2236477E7,3.8144266E7))
(28259040,(2.0264217E7,615937.0))
(87085099,(6.14626645E8,7.8569202E7))
(38248600,(44272.0,2892.0))
(3033400,(895217.0,48859.0))
(84332090,(6254928.0,748581.0))
(70053000,(740349.0,108070.0))
(20079130,(4734247.0,1097364.0))
(84564000,(9979631.0,422680.0))
(73072310,(4.1100652E7,3539399.0))
(55144100,(582685.0,54760.0))
(15122910,(71743.0,21144.0))
(5119939,(1036140.0,676721.0))
(85013400,(9837966.0,607550.0))
(75061000,(9000513.0,288804.0))
(64029910,(6.7316977E7,2053166.0))
(87091910,(1105767.0,98435.0))
(29061100,(1.1745876E7,636186.0))
(20054000,(6.9154366E7,4.8144276E7))
(48102930,(1.15138002E8,1.13788907E8))
(84778095,(2.1923161E7,722602.0))
(72162100,(7.7664939E7,1.01555423E8))
(29221400,(128053.0,47866.0))
(87044191,(9027639.0,774718.0))
(70051005,(1.7231816E7,8638889.0))
(35021190,(3.9449521E7,3830102.0))
(63042000,(1595004.0,148237.0))
(84253900,(9.8414888E7,3785548.0))
(70099200,(1.46164119E8,3.1211578E7))
(12072100,(1001953.0,4206.0))
(70151000,(3484853.0,86465.0))
(82076070,(9361768.0,118502.0))
(22089075,(1.7676334E7,3372445.0))
(28444190,(1162031.0,2276.0))
(2075541,(621576.0,500804.0))
(42021291,(5.4159433E7,2872491.0))
(87032319,(5.024225147E9,3.17720585E8))
(58110000,(1.1612751E7,579040.0))
(84238129,(8822089.0,251349.0))
(87161098,(9.4961382E7,7333857.0))
(33021010,(3.9815285E7,3387527.0))
(23099091,(1.9611722E7,4.5479134E7))
(53081000,(93166.0,28848.0))
(61099090,(1.91034333E8,4645376.0))
(85198900,(9.8333251E7,1820483.0))
(82121010,(1.19179402E8,1.7069967E7))
(84743900,(1.6233718E7,1200603.0))
(12092960,(1.1737012E7,631848.0))
(61099020,(8.7916209E8,2.643012E7))
(26122010,(118.0,3.0))
(72091610,(525562.0,580954.0))
(41012080,(1241976.0,272709.0))
(48229000,(5.7076095E7,4.0359056E7))
(40021100,(3.4832994E7,2.7568729E7))
(29201100,(4561.0,29941.0))
(2044230,(1.5745556E7,1374714.0))
(84823000,(1.83625591E8,1.0103953E7))
(85415900,(1.7570671E7,139015.0))
(16023929,(4.5743564E7,5769685.0))
(62104000,(1.82880237E8,6054481.0))
(84381090,(1.6824466E7,568818.0))
(25090000,(4.0491332E7,3.90449657E8))
(56081120,(4542239.0,538244.0))
(70049010,(45180.0,1784.0))
(52054800,(481876.0,24034.0))
(74099000,(1.2255629E8,9398508.0))
(85287240,(5.2324428E8,2.3942158E7))
(4041036,(72147.0,23978.0))
(53061050,(921982.0,32863.0))
(90039000,(3.5027283E7,181600.0))
(72071114,(2.7384511E7,3.5851986E7))
(20091919,(959233.0,810188.0))
(72107080,(8.90088079E8,7.40838174E8))
(4071990,(1.3172187E7,555024.0))
(16041800,(24.0,2.0))
(3074329,(3.9526962E7,9157554.0))
(51100000,(108436.0,3255.0))
(61113090,(7.1870145E7,2906236.0))
(84743200,(2.0667919E7,2050202.0))
(76061293,(1.59070349E8,3.557066E7))
(84361000,(1.12366112E8,1.381944E7))
(95069190,(2.90919784E8,8.052147E7))
(60063300,(1.574506E7,1434665.0))
(5119190,(1.0310753E7,4831215.0))
(62139000,(1.8861331E7,78651.0))
(20079935,(6.6322852E7,1.2125963E7))
(11052000,(9.2134516E7,4.2939352E7))
(1062000,(665394.0,8606.0))
(63053900,(2.1625835E7,2030897.0))
(84335919,(7287013.0,750435.0))
(55095100,(1089359.0,282784.0))
(54075200,(1.1015958E8,1.3460013E7))
(21011292,(1.48670224E8,1.8015672E7))
(62046390,(1.8755884E8,6030400.0))
(84145925,(2.58605393E8,1.3113464E7))
(32049000,(1.6946701E7,2882806.0))
(84717020,(2.39140715E8,1135763.0))
(34054000,(1.969954E7,1.914587E7))
(3074392,(1.6068376E7,3124539.0))
(70109091,(8.43409184E8,1.53988461E8))
(22042280,(3.0874949E7,1.5099013E7))
(73066990,(2.743669E7,1.7815981E7))
(48051200,(22696.0,4498.0))
(81121900,(3433364.0,1559.0))
(29171910,(2497784.0,687233.0))
(52051510,(12270.0,225.0))
(70196290,(9598571.0,3366623.0))
(73063077,(1.29865526E8,1.19207777E8))
(38229000,(5.86162593E8,6527450.0))
(29061310,(3524342.0,100612.0))
(87021091,(1.3084797E7,1187766.0))
(32091000,(4.00640553E8,1.70158845E8))
(90179000,(4009473.0,152711.0))
(2032211,(6047065.0,2337560.0))
(84305000,(1.41887077E8,1.399148E7))
(52062500,(2281.0,97.0))
(87033110,(2.989730212E9,2.42948356E8))
(39174000,(6.05871645E8,4.937038E7))
(20098919,(543893.0,297718.0))
(73151200,(1.22131545E8,8098451.0))
(62114241,(1493273.0,33197.0))
(29252900,(2.43592949E8,1.0219734E7))
(28170000,(5.6598154E7,1.8439592E7))
(85012000,(6.6583128E7,3419902.0))
(55159920,(2.8611906E7,689055.0))
(84242000,(1.22510496E8,4502421.0))
(87038010,(1.2875362115E10,7.20554912E8))
(73041930,(8168046.0,2720937.0))
(73181552,(3.5325531E7,2759579.0))
(63079093,(2.8221821E7,681753.0))
(55169300,(8512215.0,175120.0))
(84472020,(2726816.0,381050.0))
(27050000,(5522.0,1575.0))
(51053100,(1545100.0,14239.0))
(97031000,(4.1442844E7,48318.0))
(80070080,(3.4337281E7,1331029.0))
(87082110,(5060804.0,477064.0))
(3044250,(296377.0,19206.0))
(48044900,(632595.0,445279.0))
(11042340,(5647891.0,8453686.0))
(16055310,(1.9590911E7,5117513.0))
(56031420,(7800298.0,2501120.0))
(72042190,(8.118755E7,1.51817216E8))
(20085031,(42336.0,20160.0))
(8052110,(8026602.0,5763592.0))
(62023010,(1.45937902E8,3183041.0))
(84179000,(1.25185462E8,7932127.0))
(93052000,(2.0231094E7,137737.0))
(62071100,(1.7909225E7,776167.0))
(3044950,(6028129.0,621922.0))
(37019900,(7766586.0,55733.0))
(48061000,(1.25581181E8,3.4549642E7))
(24049110,(5.9658239E7,1370462.0))
(94039910,(3.16962301E8,7.3031845E7))
(47041100,(2935.0,750.0))
(84589900,(4665548.0,1178457.0))
(29043600,(507.0,216.0))
(39209952,(3419182.0,22051.0))
(73090090,(9.789172E7,2.6040436E7))
(90283090,(8.3056303E7,1079025.0))
(29362800,(1.51997508E8,1.5697471E7))
(54071000,(6.6997854E7,7889690.0))
(3069520,(195988.0,16904.0))
(25020000,(878685.0,1322897.0))
(22043092,(2.9462178E7,2.1165691E7))
(72069000,(1.3556107E7,1.8545075E7))
(53039000,(1188422.0,1755421.0))
(52121510,(136280.0,6868.0))
(84778011,(3310748.0,96923.0))
(8134010,(3848120.0,2151590.0))
(6031500,(8358159.0,804307.0))
(29089100,(943288.0,179250.0))
(87012110,(5.512455438E9,5.09033318E8))
(39205990,(9640346.0,685959.0))
(7081000,(4.6969842E7,6.8474955E7))
(72202049,(1.47035796E8,5.3165711E7))
(38111190,(1437332.0,214078.0))
(70200007,(153106.0,13309.0))
(56079090,(1.5106138E7,2069936.0))
(92051000,(2.7821027E7,170610.0))
(76169100,(1.0784915E7,1187780.0))
(23070090,(2149136.0,1794655.0))
(85408900,(9319405.0,13776.0))
(84231010,(4.225167E7,2937148.0))
(33011980,(2468528.0,50629.0))
(22042189,(8.2872212E7,2.0117904E7))
(70072180,(2.7414413E7,2405495.0))
(7096099,(3.4045431E7,2.98076E7))
(82083000,(3.5149148E7,1261019.0))
(7011000,(1.74552263E8,3.10844178E8))
(87119000,(1.9821892E7,1349575.0))
(73051100,(5471395.0,6348075.0))
(15041010,(1.0945702E7,2280763.0))
(16043200,(3.7633481E7,2421671.0))
(90303320,(3.1445827E7,235536.0))
(87168000,(2.06797883E8,3.3558726E7))
(30044900,(5.5719502E8,5624352.0))
(59022090,(1.8644445E7,4416038.0))
(72249005,(1911666.0,1520763.0))
(15132990,(1671432.0,632091.0))
(39139000,(3.59534345E8,1.7110243E7))
(71061000,(1.2567679E8,330133.0))
(1069000,(1.8059665E7,850379.0))
(3036690,(364296.0,73120.0))
(54033900,(650070.0,68699.0))
(68042300,(1234026.0,131524.0))
(64042090,(3.4410169E8,1794841.0))
(84021990,(1.0153397E7,581247.0))
(3025490,(1253654.0,262546.0))
(68141000,(1.4027979E7,1535182.0))
(85163200,(2.82580581E8,7433357.0))
(22089033,(3248044.0,191240.0))
(25111000,(7793104.0,2.1287809E7))
(85411000,(2.93131925E8,1378273.0))
(85015381,(7.5907166E7,5873876.0))
(28259019,(2654504.0,7593283.0))
(22021000,(1.387177202E9,1.747424566E9))
(2072720,(18826.0,33455.0))
(65061010,(4.71568568E8,1.1633704E7))
(73044989,(2.0582421E7,373547.0))
(85158090,(5.1994748E7,1073437.0))
(73151900,(2.4769528E7,2537663.0))
(35030080,(8347565.0,1527712.0))
(22029911,(4.3735838E7,5.3950943E7))
(85285210,(5.03011778E8,2.5026272E7))
(3019190,(4.9287017E7,8472733.0))
(12092400,(640998.0,154587.0))
(15153010,(5.0955144E7,3.3803475E7))
(54076110,(1.4625628E7,964618.0))
(72052900,(2.8948106E7,9687880.0))
(71159000,(2.83664689E8,480903.0))
(84099900,(2.944757241E9,2.57857526E8))
(48054000,(2.8904042E7,2240774.0))
(54077300,(1.6980684E7,1342302.0))
(39219010,(1.25558749E8,2.1026895E7))
(95030095,(5.78764761E8,3.5285633E7))
(85444999,(1.34360967E8,1.6954834E7))
(18069011,(5.168913E7,4561190.0))
(75040000,(7.1874485E7,1939477.0))
(96062900,(2.7074691E7,2776546.0))
(60019900,(1691723.0,49907.0))
(59113111,(1.3355618E7,72449.0))
(84141025,(2.07178227E8,4618561.0))
(43039000,(2.0751644E7,57181.0))
(25309030,(1895283.0,6368240.0))
(72021120,(6317389.0,7133816.0))
(50072071,(4.2190531E7,210865.0))
(94019190,(3.3783292E7,7345171.0))
(42031000,(4.70331851E8,2475063.0))
(52084900,(8291890.0,243129.0))
(2074561,(2.8027204E7,4567835.0))
(44209099,(1.22766496E8,1.288996E7))
(52105900,(2071048.0,160954.0))
(25223000,(1.1031815E7,4.3504734E7))
(3034310,(1.1433324E7,7668069.0))
(82055980,(4.47929504E8,3.1427963E7))
(29093090,(1.9389121E7,2410721.0))
(44071920,(7318527.0,9636633.0))
(76052900,(2.0348229E7,3214253.0))
(72085198,(7.7657204E7,9.1581807E7))
(23091013,(9527436.0,2106054.0))
(75012000,(840416.0,64780.0))
(22089019,(3179.0,256.0))
(29332910,(94092.0,124.0))
(72272000,(417049.0,372067.0))
(7069030,(505891.0,225125.0))
(4069001,(6.2816629E7,1.9989752E7))
(85016200,(2.10300473E8,8724010.0))
(83017000,(3.07507E7,1125440.0))
(84135040,(1.41082471E8,1817123.0))
(90314100,(9.080929E7,191204.0))
(86071100,(3.5377764E7,2005558.0))
(82152090,(1.1549081E7,415205.0))
(29094980,(1.05890603E8,5.3014184E7))
(84718000,(9.8754407E8,4072393.0))
(84331159,(1.23957865E8,1.2883526E7))
(39204310,(2.04768543E8,5.9486736E7))
(84031090,(3.00074651E8,2.2744297E7))
(84211200,(1209083.0,128844.0))
(22042147,(1.77319898E8,3.1029187E7))
(2101119,(207336.0,25992.0))
(56031210,(2.1604446E7,5575874.0))
(29171980,(4.293614E7,7242949.0))
(85437005,(6.0138809E7,187856.0))
(61046100,(3.1285807E7,190731.0))
(53101090,(487117.0,148529.0))
(94015200,(2300627.0,502576.0))
(40061000,(9193292.0,2475322.0))
(70133710,(7.0955938E7,2.6103384E7))
(23099070,(1.25312062E8,7.6216433E7))
(84603900,(1.042917E7,753127.0))
(84623290,(2654517.0,79015.0))
(44039300,(2.7642437E7,2.62365181E8))
(84833080,(3.13621132E8,1.2095477E7))
(61101190,(4.72416691E8,3962255.0))
(29053995,(6.4752842E7,1.8763655E7))
(72071919,(1890786.0,786366.0))
(17026095,(4.0479108E7,2.0943704E7))
(85153918,(1.4799505E7,662271.0))
(29072300,(4232788.0,2650210.0))
(72022100,(1.59839677E8,8.7238926E7))
(73201019,(8829061.0,4601398.0))
(2032190,(971555.0,596460.0))
(22042924,(2315437.0,551804.0))
(74082900,(3.2698714E7,2730931.0))
(64022000,(6.8914883E7,5283512.0))
(38089210,(5.6521402E7,1.1144611E7))
(90312000,(1.7271437E8,1197426.0))
(90212110,(2.1699573E7,414466.0))
(10062011,(261425.0,186402.0))
(58042100,(3.3829599E7,513506.0))
(59114000,(1.9334138E7,1450338.0))
(3033190,(68627.0,2879.0))
(23091090,(4.14326748E8,2.01495831E8))
(16041590,(204883.0,31979.0))
(40093200,(1.26270471E8,5979574.0))
(10071090,(3543507.0,1.2153421E7))
(74050000,(1.0116097E7,1153089.0))
(84072110,(1.2448433E7,464784.0))
(3027100,(93244.0,32066.0))
(72044199,(3.1044513E8,8.35661401E8))
(23021090,(4827609.0,2.6731834E7))
(59029090,(1099538.0,100007.0))
(82013000,(1.5993537E7,2436504.0))
(82075090,(5.6887376E7,3293268.0))
(32041300,(1.4416893E7,1149514.0))
(21013091,(587714.0,67466.0))
(2072510,(1.2119088E7,3027534.0))
(64035195,(2.7649786E7,182246.0))
(51111900,(6.1117312E7,705748.0))
(41141090,(5868791.0,82633.0))
(41051000,(1.5394117E7,849583.0))
(42050019,(1953189.0,41662.0))
(84389000,(4.09133929E8,1.3993093E7))
(3069310,(6958943.0,406225.0))
(85015220,(5.19613484E8,3.8312854E7))
(39052900,(1.1075976E8,4.9100123E7))
(72106100,(5.3907458E7,6.3909536E7))
(51051000,(171830.0,21846.0))
(73044100,(1.07728253E8,6719746.0))
(16055800,(5.3091918E7,4360664.0))
(20097911,(481681.0,240894.0))
(73071190,(5.3687272E7,1.0859289E7))
(2074120,(4304264.0,868098.0))
(8104050,(2.2192654E7,3079306.0))
(28046100,(5318124.0,291780.0))
(70196500,(5718902.0,583479.0))
(73141400,(1.6315506E7,1075518.0))
(29159030,(1.0095557E7,2281769.0))
(56079020,(2854175.0,430612.0))
(3025910,(123460.0,29533.0))
(80070010,(4774154.0,42126.0))
(68071000,(1.09268964E8,1.18784033E8))
(84283300,(2.15010434E8,1.2400515E7))
(44071290,(4.49912924E8,8.85650456E8))
(6029050,(2.35303761E8,1.3152448E8))
(22042210,(947534.0,165854.0))
(38040000,(2.3627419E7,4.3541615E7))
(94011000,(2.08016677E8,1041222.0))
(62113331,(3.1421368E7,473418.0))
(4039069,(578350.0,157903.0))
(84314100,(2.28752642E8,3.8395743E7))
(10086000,(2.2516003E7,9.6066308E7))
(95067090,(4802979.0,145887.0))
(83059000,(5116263.0,894522.0))
(38112100,(2.616445287E9,6.81274512E8))
(85393920,(598437.0,28294.0))
(94013100,(1.8173458E7,2761586.0))
(65050090,(3.12204558E8,8734912.0))
(81082000,(1.78247037E8,1.005086E7))
(70134991,(3037606.0,291668.0))
(40117000,(5.83351971E8,1.11299955E8))
(18069039,(2.78453081E8,3.5574992E7))
(83052000,(2.6160784E7,6061368.0))
(36035000,(6.3847384E7,519204.0))
(39072920,(4.16876576E8,1.96658061E8))
(25293000,(6494770.0,3.3489488E7))
(72253030,(40031.0,1765.0))
(69120083,(4597717.0,980587.0))
(3055450,(448822.0,122913.0))
(22082019,(1.59856E7,942055.0))
(84284000,(6.1421215E7,7874275.0))
(12079996,(7.292309E7,9686325.0))
(91052100,(3.6460842E7,5035398.0))
(37025500,(1073634.0,7769.0))
(54023400,(1.4690865E7,5102596.0))
(22087010,(5.16228031E8,7.9400315E7))
(84661020,(4.881794E7,1039828.0))
(5069000,(5.0976283E7,1.27252253E8))
(2074491,(677848.0,150402.0))
(85176920,(2.155692E7,265360.0))
(2071460,(9.3638191E7,4.8105564E7))
(85480090,(1.06929421E8,9544653.0))
(75089000,(3.82749271E8,1396885.0))
(3069100,(1033252.0,108803.0))
(83030090,(4.791349E7,6174731.0))
(85229000,(4.7940697E7,969845.0))
(62041910,(3292430.0,348182.0))
(70042010,(2285652.0,27267.0))
(39173300,(1.79000478E8,9800339.0))
(73121065,(2073816.0,355185.0))
(74072190,(2.9698693E7,3747408.0))
(40131000,(1884469.0,419313.0))
(29335920,(2088557.0,17312.0))
(85432000,(1.03443658E8,323801.0))
(8102090,(2.5028816E7,3039337.0))
(72027000,(1.15693513E8,4354379.0))
(97012100,(3.82588647E8,118783.0))
(17049055,(1.4150217E7,2415479.0))
(91012900,(2.99216872E8,5010.0))
(3031300,(1.3941676E7,1263203.0))
(84804100,(3.1740724E7,1509224.0))
(22029995,(7.3787323E7,2.9968483E7))
(61012010,(4736383.0,153869.0))
(25041000,(4921699.0,2851011.0))
(84295900,(2.47412043E8,4.0530895E7))
(4041078,(77.0,0.0))
(81019700,(1.246746E7,831461.0))
(85103000,(4.1430113E7,512079.0))
(3043900,(497823.0,35559.0))
(73158200,(3.2152803E7,1.0276751E7))
(8023200,(7.134474E7,1.4136169E7))
(84322990,(3.9227698E7,5263718.0))
(20093991,(8652.0,8380.0))
(20029080,(1.236894E7,4850023.0))
(62045200,(1.95465368E8,4531951.0))
(85071080,(8.493943E7,2.462253E7))
(93031000,(2385631.0,18111.0))
(84424000,(1.2899376E7,238368.0))
(22060039,(2.3292893E7,1.3714561E7))
(41012010,(649662.0,45122.0))
(84431700,(1.2051133E7,508791.0))
(24041200,(1.71290467E8,4831317.0))
(28044000,(3.689356E7,3.50987597E8))
(48114900,(4.0043624E7,8534123.0))
(10061010,(1009989.0,665519.0))
(51011100,(8772692.0,9748314.0))
(9019090,(4024078.0,392671.0))
(3057200,(216623.0,78804.0))
(73144200,(2.1329201E7,1.0092408E7))
(8112051,(2808750.0,2051665.0))
(38254900,(2332481.0,2.4800781E7))
(26161000,(26985.0,2010.0))
(3071200,(552653.0,42674.0))
(2101910,(2826652.0,279740.0))
(82119400,(1.3523147E7,702215.0))
(29035900,(7.2134605E7,6683921.0))
(28047010,(681961.0,74481.0))
(3023390,(1887083.0,477665.0))
(54050000,(258377.0,31684.0))
(43021941,(48671.0,2607.0))
(82029100,(6455101.0,265094.0))
(82079010,(2.4178152E7,420028.0))
(25083000,(1.1534466E7,3.2925548E7))
(3072110,(1.05151699E8,9482493.0))
(20093151,(334010.0,132512.0))
(29333400,(251.0,1.0))
(27131200,(1.47891329E8,2.93318053E8))
(10063061,(5252542.0,4661606.0))
(29262000,(3.0740406E7,7517381.0))
(72071912,(5.6132352E7,7.1079311E7))
(31023010,(1.6359845E7,5.4675537E7))
(28469040,(934530.0,162151.0))
(29049900,(1.296048E7,2615990.0))
(3063990,(1506811.0,168276.0))
(73181699,(1.08172626E8,1.5423226E7))
(84834025,(2.3634297E7,1182069.0))
(28111200,(27171.0,4835.0))
(11041290,(4.040786E7,4.037051E7))
(22042910,(1826184.0,2673754.0))
(27141000,(3.1544337E7,6.9765557E7))
(84139100,(1.074144691E9,3.8974916E7))
(51082010,(1.4821909E7,103040.0))
(43011000,(256087.0,2230.0))
(90291000,(5.244065E7,522022.0))
(13021300,(2.2125289E7,1749142.0))
(87087010,(1.07936226E8,3.6166274E7))
(84518080,(2.3125399E7,919096.0))
(87169050,(1.23157233E8,3.153676E7))
(15141110,(2.20697954E8,2.41001868E8))
(76082020,(2.0227232E7,3664362.0))
(38089420,(7.9001622E7,3.504975E7))
(61051000,(6.25716249E8,1.8383732E7))
(46021200,(1.7296987E7,1428464.0))
(1061300,(17600.0,206.0))
(90185090,(3.06785425E8,1788903.0))
(42010000,(1.90899075E8,8353477.0))
(38260010,(2.978771649E9,2.267693262E9))
(20086060,(7033284.0,2198322.0))
(78060080,(2.4413009E7,4240863.0))
(84851000,(1.8996786E7,207172.0))
(22042182,(1.35670576E8,4.2166965E7))
(84129020,(1.8234507E7,72044.0))
(84759090,(1.25015919E8,3406086.0))
(36049000,(1.10466423E8,1617831.0))
(7119080,(3741593.0,2733383.0))
(57029900,(2.3291525E7,4740733.0))
(85061091,(2119030.0,357993.0))
(20091191,(125503.0,33968.0))
(70181030,(1273998.0,29609.0))
(39251000,(1.48382437E8,4.4833054E7))
(73158900,(3.5353372E7,3362257.0))
(2069010,(88014.0,11450.0))
(29211999,(5.5222698E7,1.2925386E7))
(20099094,(1155449.0,1051522.0))
(39233010,(9.99463631E8,2.47046014E8))
(7039000,(4.3293759E7,2.908825E7))
(87089299,(3.1153955E8,2.33843E7))
(91099000,(819160.0,14452.0))
(73079100,(7.8422269E7,1.5830748E7))
(38275900,(4512639.0,127867.0))
(72139910,(3.0706107E7,4.1913669E7))
(27079911,(11300.0,1600.0))
(72044990,(1.049079412E9,3.056944684E9))
(2109939,(2.7030385E7,6965259.0))
(85075000,(1.25329936E8,4486282.0))
(33012911,(2.637905E7,527690.0))
(44072998,(2.4786373E7,2.3867567E7))
(84081049,(1.7537132E7,808533.0))
(44083995,(3926470.0,3296624.0))
(69051000,(1.2491885E8,2.7238149E8))
(6031920,(4708435.0,379048.0))
(84382000,(3.4632131E7,1871178.0))
(2074421,(12323.0,660.0))
(4089980,(1.10854658E8,4.6545159E7))
(61029090,(4398084.0,115859.0))
(16023180,(5757345.0,1326405.0))
(72223091,(8823253.0,790841.0))
(2023090,(5.51583291E8,9.7393914E7))
(63023100,(3.48804449E8,3.4748309E7))
(96032100,(1.49543534E8,7109751.0))
(72251910,(1.40675778E8,1.60039548E8))
(68159900,(5.5019401E7,1.9131464E7))
(87012390,(1171450.0,324830.0))
(56075030,(9272175.0,371697.0))
(84185090,(1.34403445E8,1.2798852E7))
(82034000,(2.3586124E7,1374198.0))
(39232100,(7.75895936E8,2.42664999E8))
(45041091,(6317163.0,1015707.0))
(72072080,(4963440.0,1339486.0))
(29342080,(2.1688242E7,2772465.0))
(84089085,(1.78522027E8,1.0701009E7))
(8094005,(3.1974587E7,2.0649604E7))
(24039100,(1.28205564E8,4.239569E7))
(42029215,(4869335.0,180611.0))
(52122210,(235551.0,12924.0))
(3077290,(2592893.0,354325.0))
(3022130,(1362329.0,157738.0))
(22042196,(7.9478286E7,1.522921E7))
(22082012,(3.539836708E9,1.17268249E8))
(25232100,(3.2186367E7,2.08414039E8))
(38019000,(7.0505014E7,1.9712964E7))
(70172000,(2.4290379E7,980194.0))
(22085099,(121080.0,21741.0))
(29362100,(5.4692629E7,2384964.0))
(97019100,(1.368110764E9,971784.0))
(3047190,(1.15105181E8,1.3017598E7))
(84831029,(9.8162098E7,1.9035337E7))
(72173041,(1.1742158E7,6377846.0))
(15101000,(1418187.0,379506.0))
(60054200,(913766.0,117438.0))
(84182199,(5.5767787E7,1.3651666E7))
(4069015,(1.02309003E8,8040472.0))
(29181500,(7.0534692E7,2.0336839E7))
(61103010,(4.389695E7,1616863.0))
(22030009,(4.54468411E8,5.80290338E8))
(16029095,(1524876.0,54661.0))
(62062000,(1.1252072E7,81895.0))
(84189990,(5.77861554E8,5.4875478E7))
(15179099,(1.84758575E8,8.1581547E7))
(68129100,(27537.0,552.0))
(76090000,(8.0871218E7,3285455.0))
(84459000,(1827373.0,271674.0))
(11041969,(1471174.0,4074789.0))
(90319000,(4.26661148E8,3446005.0))
(81121200,(785255.0,1123.0))
(28439010,(6350074.0,20392.0))
(15131191,(4101440.0,823242.0))
(27101975,(29780.0,9645.0))
(43018000,(567596.0,2786.0))
(22042238,(2682623.0,1191728.0))
(85044095,(2.179805897E9,4.5006375E7))
(3023110,(4659556.0,2179963.0))
(20099059,(1.3562685E8,1.15004963E8))
(9109110,(7247531.0,779704.0))
(89040091,(1209931.0,18033.0))
(84621190,(4729109.0,727282.0))
(72269970,(4.0350393E7,2.0121934E7))
(37024100,(59826.0,590.0))
(73199010,(2661714.0,139510.0))
(1064100,(3300765.0,387027.0))
(20098989,(1244423.0,612073.0))
(39031900,(4.86346175E8,3.1413467E8))
(38089490,(1.76959236E8,7.3868607E7))
(39159020,(2774442.0,1.0323994E7))
(61034900,(9.0825617E7,3552670.0))
(58071010,(1.9057579E7,554414.0))
(84563090,(9676382.0,295932.0))
(58089000,(2.4891701E7,733719.0))
(21069098,(2.199634043E9,4.1406984E8))
(84112220,(1.67120386E8,86259.0))
(85352900,(5.0653421E7,2059159.0))
(42029180,(2.09952689E8,1096953.0))
(84433100,(9.2220784E8,5.6668046E7))
(4069029,(3373719.0,595420.0))
(90262020,(5.15095303E8,2793960.0))
(72132000,(1.13267313E8,1.25154396E8))
(72282010,(1444703.0,1042494.0))
(7109000,(1.18878385E8,9.1290917E7))
(36069090,(3.3625728E7,1.0090225E7))
(84082099,(1.215084468E9,1.07693665E8))
(84251100,(5.1897892E7,2380248.0))
(85423390,(2.28884564E8,410856.0))
(73021028,(1051091.0,676338.0))
(85021380,(3.18919504E8,1.4180568E7))
(63063000,(3.5531238E7,783359.0))
(84624200,(3.7209507E7,2340825.0))
(15131919,(3159057.0,1235679.0))
(28492000,(3.7073567E7,3.1298535E7))
(23099035,(2.14381617E8,1.38138425E8))
(29412080,(227668.0,4722.0))
(44079599,(6889423.0,1.0031052E7))
(48211010,(2.99161613E8,3.7742335E7))
(38273100,(3402.0,28829.0))
(48089000,(3.6437075E7,1.0993634E7))
(28443091,(297.0,10.0))
(44129110,(329289.0,123622.0))
(41069200,(831124.0,43963.0))
(39119092,(82645.0,937.0))
(90183900,(1.77442376E9,2.8678385E7))
(3044600,(25532.0,2941.0))
(29038980,(8904582.0,59153.0))
(18062095,(1.06519599E8,2.9692801E7))
(58063100,(2.3980739E7,3203562.0))
(70080020,(2.6604086E7,1.2166749E7))
(70197200,(687452.0,17771.0))
(84678100,(7.6740528E7,2686873.0))
(8135039,(1.5230997E7,1729092.0))
(7129090,(7.8935219E7,1.4939221E7))
(41079210,(1.48673351E8,4746949.0))
(1022961,(9348857.0,2234590.0))
(87042210,(1.0865823E7,3536810.0))
(81019910,(857338.0,7198.0))
(46019205,(28346.0,5156.0))
(73043988,(1.6878715E7,7480527.0))
(29222100,(185623.0,22828.0))
(3022200,(8131195.0,2533348.0))
(90261089,(9.9878652E7,1384841.0))
(20071010,(7807948.0,2251008.0))
(29251920,(183740.0,14243.0))
(44191200,(3339088.0,1309378.0))
(16041100,(6.0842993E7,4711547.0))
(4069050,(1.42022222E8,1.8589641E7))
(72173090,(8.2973716E7,5.4513042E7))
(29209010,(3.7213134E7,1.6029585E7))
(84781000,(5648126.0,400166.0))
(22060081,(7030198.0,1.2761951E7))
(72089020,(7581050.0,2411695.0))
(87141050,(5939008.0,170774.0))
(55164400,(1878899.0,154454.0))
(68029910,(1.0029251E7,7139627.0))
(61043300,(4.3477745E7,1414569.0))
(56074911,(1.0580898E7,1374545.0))
(37023197,(389059.0,2591.0))
(29182900,(5.1032367E7,1.1780736E7))
(34029010,(3.55798703E8,1.36199278E8))
(28366000,(7051990.0,1.1947604E7))
(20089924,(2150305.0,888795.0))
(20049030,(829199.0,302043.0))
(72124020,(2.3358784E7,1.0539955E7))
(59050090,(1.1451632E7,172457.0))
(29269070,(4.73981771E8,1.7403055E8))
(47069100,(1664306.0,1089143.0))
(29199000,(4.5962287E7,6498547.0))
(94033099,(4.8525401E7,6142090.0))
(22083041,(4.1410451E7,4227539.0))
(84238920,(8273110.0,4579204.0))
(72072052,(2.4282701E7,2.3975793E7))
(52103100,(4163933.0,142980.0))
(20096959,(2509562.0,1926798.0))
(20083071,(346807.0,80180.0))
(1013000,(58148.0,12041.0))
(44079200,(7.6035526E7,1.35603173E8))
(73242900,(1.0774019E7,3267533.0))
(84669280,(7.0676699E7,2586071.0))
(44125190,(285006.0,188679.0))
(29394300,(78.0,0.0))
(84294010,(8.743663E7,1.0444384E7))
(68042230,(2.1225546E7,1963881.0))
(29161200,(3.64536903E8,1.93369658E8))
(9101200,(4644065.0,945019.0))
(40121200,(1.90039245E8,4.141485E7))
(62079990,(3799546.0,148202.0))
(84133080,(6.99432972E8,2.3114137E7))
(29381000,(4.2443118E7,735231.0))
(21041000,(2.10185812E8,7.0755048E7))
(34025090,(2.430271604E9,1.424910023E9))
(90112010,(743670.0,588.0))
(16023985,(9045076.0,1222445.0))
(52053400,(295556.0,19536.0))
(62121010,(2.3009419E7,679267.0))
(70032000,(1674903.0,1692236.0))
(96151100,(3.2956866E7,1679379.0))
(56021011,(428234.0,123910.0))
(4069092,(8.38943483E8,1.01422716E8))
(29034500,(4.2428945E7,2214957.0))
(39123985,(1.58247961E8,1.4348971E7))
(4012091,(3.0024187E7,3.316502E7))
(72072017,(3.3073691E7,4.5382483E7))
(29339980,(1.075222888E9,2.5742829E7))
(94056920,(7863320.0,158575.0))
(22089054,(7.3480369E7,5700373.0))
(55082010,(24691.0,23575.0))
(38089140,(1.8267422E7,1529214.0))
(56081911,(9679553.0,1225692.0))
(85393290,(2.689837E7,171765.0))
(84602990,(5011592.0,492025.0))
(52054100,(2772693.0,118754.0))
(87112098,(5.0723445E7,1776037.0))
(84515000,(8.9051407E7,2741359.0))
(85394900,(7.5119072E7,1175993.0))
(29156090,(1.0247353E7,2025934.0))
(28391900,(3.3914988E7,6.9561522E7))
(40169500,(3.7270916E7,1692961.0))
(51072091,(389423.0,10383.0))
(22042161,(2984936.0,576592.0))
(85043129,(5.5663842E7,1420889.0))
(40023900,(4.092394E7,1.6988972E7))
(74152900,(2.0754756E7,789105.0))
(16055100,(496989.0,41038.0))
(29353000,(99.0,0.0))
(62132000,(3579934.0,116097.0))
(58061000,(2.7155299E7,866194.0))
(85312020,(1.3360624E8,1036877.0))
(29315200,(22.0,0.0))
(29334100,(48.0,0.0))
(3028115,(3601580.0,914476.0))
(84669350,(2827551.0,69549.0))
(3048100,(2.37765101E8,2.2808987E7))
(40029990,(5.7853828E7,1.8378318E7))
(90214000,(4.57327113E8,826123.0))
(84011000,(54416.0,475.0))
(71162080,(1.16556182E8,440830.0))
(44089035,(2876.0,129.0))
(46019310,(37705.0,6034.0))
(61083200,(7.1914095E7,5715717.0))
(29124100,(6.4229234E7,3286537.0))
(84749010,(1.22566603E8,2.1261821E7))
(20097120,(8715193.0,6813355.0))
(84795000,(5.21908373E8,1.1221693E7))
(87060011,(5.5504555E7,7101553.0))
(84818079,(2.21069781E8,5732210.0))
(2072699,(848657.0,1598232.0))
(84662091,(1.3454696E7,173187.0))
(48041190,(3.2305972E7,4.3038404E7))
(85123090,(4.6328693E7,1798100.0))
(58012700,(1.0927733E7,298790.0))
(9109999,(3.171684E7,4048401.0))
(15119011,(569582.0,201248.0))
(70179000,(4.5752271E7,4194317.0))
(83014011,(5.9475497E7,3057333.0))
(84798997,(1.911429972E9,7.5659788E7))
(70133759,(5881025.0,786614.0))
(95063100,(1.32696646E8,1152889.0))
(82111000,(1.6762704E7,1215280.0))
(87163100,(8.1659456E7,7642914.0))
(74082200,(1.0291967E7,465313.0))
(85393220,(2.0908513E7,473623.0))
(20089798,(2.7617838E7,6796369.0))
(48044200,(276727.0,64910.0))
(94054239,(3.75448245E8,1.8018929E7))
(1022905,(1445824.0,635972.0))
(28299080,(2.1316367E7,489726.0))
(64035111,(2.5952691E7,385873.0))
(72085191,(5.557083E7,5.6934584E7))
(62046110,(6.6876554E7,463749.0))
(28401910,(2.3202132E7,4.5423226E7))
(44039510,(1950791.0,9581953.0))
(72285020,(1.8701844E7,4487038.0))
(71110000,(974129.0,3848.0))
(57023110,(6190164.0,433889.0))
(85404000,(1826992.0,78516.0))
(8054000,(6.5913148E7,6.0547723E7))
(39209959,(8.1546901E7,5474339.0))
(8129040,(143016.0,138651.0))
(19041010,(1.12132408E8,3.5536388E7))
(22042112,(1.51058215E8,1.8383096E7))
(31031900,(2.1164888E7,8.1875811E7))
(20029031,(5.0309492E7,3.5930101E7))
(12112000,(1866742.0,36369.0))
(40026000,(5538782.0,1393880.0))
(22083069,(2.5467187E7,1.3897321E7))
(2032911,(2.0955797E7,1.0141177E7))
(84161010,(7035392.0,197407.0))
(28352910,(477642.0,964027.0))
(84401040,(1577939.0,131852.0))
(60029000,(2068732.0,283699.0))
(44151090,(3.0014321E7,1.8551037E7))
(90014080,(3369337.0,61509.0))
(90249000,(3.6408283E7,422841.0))
(3028990,(9.4602843E7,1.3913051E7))
(84521090,(1.2367927E7,685416.0))
(29101000,(4.8187633E7,4.3996822E7))
(29037790,(1808582.0,122710.0))
(15159051,(1939789.0,737783.0))
(20089931,(11710.0,3424.0))
(84662098,(3.0654836E7,1371292.0))
(90192090,(7.08365425E8,9372134.0))
(55051070,(3827879.0,1923891.0))
(84312000,(8.48626208E8,1.21642551E8))
(84118100,(1.4730296E8,240283.0))
(84812010,(6.57958815E8,1.7906784E7))
(7032000,(1.20172165E8,3.9768644E7))
(59100000,(4.1436352E7,2277976.0))
(25251000,(982565.0,1542579.0))
(87089390,(8.01980642E8,8.9172813E7))
(87059080,(8.00974074E8,6.8299597E7))
(72083700,(3.42213026E8,4.67485728E8))
(16024930,(2.4625713E7,4508081.0))
(40121900,(6679586.0,1960350.0))
(25132000,(3658316.0,7804329.0))
(96033010,(2.2415363E7,794604.0))
(90069100,(2.1644757E7,273808.0))
(10079000,(3.0535943E7,1.25164262E8))
(85176990,(2.94916672E8,3280472.0))
(75051200,(3.24180934E8,9643363.0))
(84082057,(4.19863693E8,3.3456719E7))
(8029990,(3715631.0,494359.0))
(3089050,(1341206.0,271253.0))
(84198180,(3.46433577E8,1.0748524E7))
(61119019,(9291778.0,87422.0))
(38109090,(7.6695664E7,3.4210391E7))
(20019070,(9054496.0,3662270.0))
(25202000,(8.2286756E7,3.74555025E8))
(52081190,(2723906.0,244585.0))
(41041151,(1.0825838E7,5015015.0))
(67021000,(7.0309983E7,1.0318096E7))
(84672920,(3.81121943E8,1.5623098E7))
(71023900,(1.471270803E9,31534.0))
(51071090,(1.34258E7,554233.0))
(55011100,(42848.0,2237.0))
(84651010,(4468319.0,298932.0))
(85022080,(4.2745991E7,2881330.0))
(41015090,(1.2728333E7,1.0395758E7))
(29314920,(1382.0,3.0))
(44032510,(1.0853496E7,6.7066225E7))
(62042911,(55190.0,933.0))
(28273985,(8.1327361E7,2.1023958E7))
(29314500,(422949.0,130597.0))
(11071019,(9490896.0,1.4290691E7))
(73202020,(5.2030038E7,1.5404157E7))
(85492900,(1.0377243E7,7460050.0))
(26011200,(4.95276438E8,3.305941119E9))
(72041000,(1.76608912E8,5.42197215E8))
(4015031,(4.83303174E8,1.53248538E8))
(29211950,(2793167.0,662026.0))
(73049000,(1.62892396E8,1.0554736E7))
(15111010,(3.475226E7,3.5003525E7))
(50060010,(602585.0,64354.0))
(9062000,(8505194.0,1084066.0))
(22042126,(1878043.0,250798.0))
(33053000,(1.23276775E8,2.6936363E7))
(73211190,(1.59513903E8,2.2353595E7))
(74071000,(3.05966821E8,3.0453804E7))
(53089050,(1584700.0,500294.0))
(96099090,(3.0749151E7,1.0684933E7))
(20041099,(4.39240484E8,2.78998125E8))
(70049080,(3926565.0,197351.0))
(81126100,(14334.0,953.0))
(85480020,(4222896.0,210529.0))
(3061792,(7.1900768E8,1.12930889E8))
(87035000,(1.37322595E8,9682216.0))
(62034931,(5772101.0,95227.0))
(56060099,(3945917.0,226839.0))
(90178090,(1.5598717E7,1853413.0))
(3029200,(496.0,15.0))
(38249986,(2.7859404E7,1580992.0))
(26140000,(1.6454876E7,3.6498567E7))
(27101947,(2.039289999E9,2.586154799E9))
(29142300,(1.4094875E7,670616.0))
(70196990,(5.4885936E7,4209133.0))
(20099031,(612284.0,287472.0))
(22042294,(1730477.0,231837.0))
(95043010,(5.0098751E7,1218128.0))
(61081100,(5034925.0,177264.0))
(84659900,(6.7563622E7,3713652.0))
(85166070,(8.5196721E7,1.0158883E7))
(38086200,(4.8282677E7,4702800.0))
(70133311,(8847184.0,90575.0))
(28289000,(4.9229246E7,1.45433464E8))
(7133500,(624988.0,587146.0))
(25062000,(2867972.0,2949449.0))
(21012020,(1.4338887E7,861644.0))
(85042100,(1.48313295E8,2.2174372E7))
(41142000,(1.033873E7,224426.0))
(72171039,(8.7923124E7,7.8433703E7))
(4064010,(5.4482259E7,4235326.0))
(28254000,(54410.0,25706.0))
(3055310,(16048.0,752.0))
(61034200,(3.2811541E8,9984056.0))
(73209090,(9.844174E7,7021286.0))
(7019050,(5.9997731E7,1.53681817E8))
(2072650,(3810199.0,739747.0))
(24022090,(8.46698221E8,2.9548642E7))
(38091030,(91909.0,64670.0))
(9109950,(2787861.0,269097.0))
(44191900,(4.2543981E7,9652677.0))
(28030000,(2.43338283E8,1.84627128E8))
(29152100,(4.0344767E7,4.7358111E7))
(3045300,(3.2317081E7,2749893.0))
(16041436,(9139423.0,1196572.0))
(28291100,(5.8132525E7,7.8424931E7))
(29329900,(5.88637358E8,1.7828E7))
(74081990,(1.1405684E8,1.2648363E7))
(39119099,(2.36104919E8,4.4150615E7))
(84243008,(1.38524552E8,1.209585E7))
(22082026,(1366398.0,112241.0))
(52091900,(2858141.0,378145.0))
(85061098,(3070166.0,250533.0))
(3071900,(828864.0,171772.0))
(85299091,(2879396.0,75350.0))
(51061010,(1114363.0,115603.0))
(84594100,(372806.0,131327.0))
(63021000,(8.5166036E7,1.0788911E7))
(53092900,(2.1347281E7,1497877.0))
(72072059,(2813.0,1724.0))
(3061190,(1.3069555E7,604428.0))
(48064010,(8.4347911E7,5.5107882E7))
(44101110,(1.21033879E8,2.96369744E8))
(60052100,(290529.0,22143.0))
(20084079,(5802535.0,3213614.0))
(84111100,(6.9497248E7,53231.0))
(5051010,(1.9013729E7,5965476.0))
(54079400,(5694919.0,313066.0))
(20089945,(2682817.0,1132804.0))
(39202021,(3.67083353E8,1.74743774E8))
(84553010,(5.1274298E7,1.0757124E7))
(63013090,(8214097.0,606500.0))
(84518010,(1004823.0,41522.0))
(30029010,(8.4240538E7,495053.0))
(87033390,(1.06105603E8,1.0878349E7))
(22059010,(1.1092119E7,9707892.0))
(20086039,(147850.0,85703.0))
(84552100,(5239586.0,276355.0))
(3069590,(6660668.0,656932.0))
(84335310,(3.6417189E7,2835324.0))
(84529000,(1.6313041E7,601344.0))
(94015900,(2935683.0,216158.0))
(8039090,(3188709.0,1236456.0))
(85291069,(1.96025709E8,1060260.0))
(72299020,(2181017.0,191064.0))
(38089315,(3.99418084E8,2.8264992E7))
(7112010,(1.4089404E7,5306172.0))
(94051950,(1.4926945E7,678657.0))
(45020000,(1118995.0,132747.0))
(38243000,(8.3235376E7,1648661.0))
(2076031,(696513.0,493292.0))
(84452000,(437079.0,51250.0))
(84871090,(1.4687095E7,338641.0))
(32089019,(1.27158335E8,1.9393532E7))
(48194000,(5.12530891E8,1.45246775E8))
(28051910,(698589.0,44939.0))
(61019080,(2.9623614E7,258064.0))
(54024800,(830622.0,300392.0))
(29037930,(3.9947572E7,3557831.0))
(60019200,(1.6548319E7,1554952.0))
(20085059,(10604.0,3161.0))
(84137035,(2.2761519E7,1351961.0))
(29314990,(1.8735502E7,4421523.0))
(28332400,(6666876.0,1260278.0))
(41071111,(1.3485719E7,256839.0))
(88010090,(663038.0,3085.0))
(76072010,(2.14517386E8,5.7341635E7))
(39206900,(5.5752129E7,8406024.0))
(74101100,(1.5421821E7,975031.0))
(3035990,(1457569.0,591107.0))
(3043200,(1447926.0,257815.0))
(7119010,(976465.0,522398.0))
(30044200,(5.1850473E7,1042733.0))
(29147900,(3.225511E7,1200824.0))
(32042000,(2.5900529E7,6355677.0))
(23069019,(114009.0,129877.0))
(85392198,(1.7711682E7,235574.0))
(23099049,(462727.0,281190.0))
(69149000,(1.35739736E8,3.6570868E7))
(62043310,(1.1706603E7,261651.0))
(44071220,(6.597685E7,1.09702816E8))
(84774000,(2.4657353E7,731131.0))
(84672199,(5.0062998E7,4598481.0))
(78060010,(3129145.0,161601.0))
(87084091,(1.21551273E8,1.8356545E7))
(90192020,(1.31719503E8,1709094.0))
(29038910,(55.0,0.0))
(4039013,(6.3522795E7,3.5436174E7))
(28444400,(150774.0,148.0))
(72112330,(1.19003552E8,8.9205373E7))
(1051199,(2.1524419E7,5836180.0))
(12077000,(4.5952421E7,640016.0))
(84641000,(2.5000736E7,1753051.0))
(63041930,(348252.0,14465.0))
(85365003,(2.5284219E7,298762.0))
(29359090,(6.60648203E8,3640655.0))
(84818051,(5.3924594E7,1102953.0))
(70134200,(9.2304399E7,3.6454309E7))
(3053910,(380643.0,14928.0))
(84659200,(3.025385E7,2216284.0))
(22042938,(5912051.0,6494715.0))
(39211100,(1.64122846E8,4.8111263E7))
(84553031,(5258587.0,1290807.0))
(16042010,(2.6076118E7,2422734.0))
(60012900,(461496.0,42279.0))
(28121700,(2664831.0,1164134.0))
(22041013,(2.3446973E7,8638666.0))
(17023050,(1.635165E8,1.20598087E8))
(1039110,(1.1469433E7,3123941.0))
(90189010,(8.262963E7,1469792.0))
(74031100,(1.589734908E9,1.97801498E8))
(32021000,(3.9470263E7,2.3958628E7))
(85491990,(9544.0,2030.0))
(70102000,(3.1152252E7,5654527.0))
(62113310,(8.9743066E7,3922817.0))
(3036970,(1908.0,346.0))
(91019900,(6830227.0,5849.0))
(62043919,(6.0823311E7,1009390.0))
(72191290,(7.7873286E7,4.9577337E7))
(29012100,(2.31549022E8,2.65800571E8))
(84136069,(1.8381868E7,413942.0))
(27071000,(2.31556776E8,3.48727115E8))
(73110019,(5673171.0,1216523.0))
(90328100,(5.16068756E8,9168071.0))
(29309040,(419747.0,40681.0))
(62043100,(2.15333657E8,665040.0))
(20081993,(6.2694049E7,6971818.0))
(72085310,(9858459.0,1.091698E7))
(28191000,(5472121.0,1908525.0))
(4069085,(1358468.0,99675.0))
(37071000,(1895972.0,88159.0))
(23069005,(1.4235082E7,4.3590822E7))
(60012200,(5732643.0,513691.0))
(29054100,(4851055.0,2510300.0))
(84501119,(4.1491982E7,1.2858787E7))
(29034990,(262271.0,5578.0))
(68138900,(7.185581E7,1944270.0))
(84672290,(7.6883532E7,4817662.0))
(73259910,(1.98036029E8,9.1842158E7))
(38221300,(2.60846834E8,3621859.0))
(73181300,(1.4063647E7,2469287.0))
(54026900,(2442394.0,412210.0))
(3057900,(947526.0,51882.0))
(20089329,(74.0,0.0))
(4051011,(4.12767873E8,5.4270451E7))
(15162096,(2.0947146E7,1.0159149E7))
(7049010,(2.7353685E7,3.1664208E7))
(70052125,(3.3485688E7,3.2544561E7))
(84797100,(2858088.0,382349.0))
(52114300,(561750.0,31156.0))
(57023180,(4359907.0,256786.0))
(62114290,(1.58964133E8,4186106.0))
(68043000,(6032156.0,342565.0))
(89011090,(7.7489214E7,1.1913213E7))
(22042168,(9837333.0,2117778.0))
(85272120,(7.2632841E7,538655.0))
(39122011,(517808.0,92787.0))
(22084091,(1.7589106E7,5039371.0))
(41044119,(742845.0,38316.0))
(94038300,(8364492.0,1023672.0))
(29051300,(3886007.0,3083624.0))
(72193390,(2.02156634E8,8.3859457E7))
(72299090,(7.7151706E7,4.0388438E7))
(84614071,(3519743.0,198476.0))
(27022000,(476354.0,1569385.0))
(3024510,(1815137.0,603307.0))
(87034090,(8.5841951E7,7150496.0))
(94042990,(1.05024584E8,1.5787449E7))
(64019900,(3.2615461E7,1118402.0))
(2012030,(1.79695629E8,3.7309683E7))
(20088090,(2.7087229E7,1.5605283E7))
(28151100,(4.6693067E7,6.9088275E7))
(84484900,(1.35129003E8,5257634.0))
(3048310,(355280.0,37279.0))
(29371200,(2.00564577E8,18210.0))
(4049023,(3.44878E7,8094018.0))
(44014100,(2.0360885E7,2.2141743E8))
(90151000,(1.29844647E8,4639003.0))
(90049010,(1.91609566E8,5301335.0))
(20095090,(4243506.0,4645919.0))
(3074210,(5.6399807E7,9686327.0))
(85318040,(2.9957455E7,485628.0))
(52061100,(1369787.0,423745.0))
(84484200,(1768588.0,29395.0))
(62034231,(7.02787884E8,2.9398669E7))
(41044959,(487024.0,26776.0))
(19059070,(1.951772263E9,4.35521793E8))
(55121910,(3330955.0,302384.0))
(39172110,(1.12774585E8,4.3835514E7))
(73063049,(1.722685E7,1.4538841E7))
(31022100,(8.5399704E7,3.36055093E8))
(56039190,(1.2361476E7,2423221.0))
(73072100,(9.969443E7,8917463.0))
(61169300,(8.8141065E7,2390115.0))
(52063200,(849790.0,150748.0))
(4069078,(1.16988918E8,2.2387628E7))
(29214400,(2166293.0,306650.0))
(60053500,(1.3749382E7,3038697.0))
(72181000,(2.3823529E7,8844647.0))
(85459090,(4.5461537E7,3642027.0))
(61153011,(1.5246327E7,670808.0))
(20089399,(252810.0,59232.0))
(3038300,(5440343.0,255939.0))
(89033210,(5.19692459E8,1.0903657E7))
