(55095300,(3801538.0,823594.0))
(10062015,(609025.0,298591.0))
(73052000,(967118.0,127163.0))
(23011000,(3.194985E8,4.81538047E8))
(11042981,(724468.0,717389.0))
(9041200,(3.8296988E7,6891124.0))
(20031030,(5.4447712E7,2.1685344E7))
(84614019,(2623409.0,288273.0))
(68029200,(2.1148835E7,3.3970878E7))
(90138040,(2275664.0,37587.0))
(84659120,(7.498721E7,8156400.0))
(20039010,(1.31215E7,297642.0))
(28459090,(2.5357209E7,43609.0))
(84089047,(2.22734098E8,1.5611167E7))
(54081000,(1457383.0,135306.0))
(51021100,(1.1886024E7,103636.0))
(39207380,(6455916.0,306133.0))
(22042179,(3.08439598E8,9.1819868E7))
(48099000,(6621625.0,1061087.0))
(69091100,(2.3099642E7,2935943.0))
(4041012,(1.0838242E7,4881020.0))
(69131000,(4.3671812E7,2007270.0))
(10071010,(2.5686045E7,7154333.0))
(85309000,(5.0693012E7,1367517.0))
(84148022,(2.29524702E8,2.3186825E7))
(90184100,(3.7392487E7,240185.0))
(81990002,(2.41421744E8,1355569.0))
(44079610,(167611.0,65151.0))
(53089019,(26711.0,3092.0))
(29309030,(6.0158796E7,2.7152728E7))
(58043000,(151749.0,5781.0))
(85399090,(9086007.0,217605.0))
(90221900,(1.20199418E8,1012809.0))
(76071111,(7.4152674E7,1.4724822E7))
(52082300,(1.042932E7,564780.0))
(74151000,(2366568.0,235342.0))
(52115900,(2.168444E7,1075684.0))
(38231300,(5.4810405E7,3.0125625E7))
(73043950,(1.7902002E7,9974609.0))
(52052200,(7841904.0,1248209.0))
(73090010,(2.1244388E7,2453553.0))
(87043299,(2490709.0,979852.0))
(55133100,(178476.0,11377.0))
(4049083,(4.6415799E7,1.1892217E7))
(1059400,(1.33995834E8,1.25289531E8))
(95082900,(3.162822E7,1046722.0))
(84702100,(1136371.0,42735.0))
(20089718,(509.0,61.0))
(72192190,(2.8105327E7,7047029.0))
(29052200,(5.1124699E7,3981410.0))
(84717080,(1.8857225E7,64276.0))
(8024100,(2.4613861E7,8398513.0))
(85151990,(1.0391062E7,108469.0))
(94016100,(1.360530184E9,2.08405941E8))
(7123200,(2874977.0,384458.0))
(30021300,(9.82730008E8,78188.0))
(84141015,(3702154.0,86460.0))
(38249920,(2600844.0,480514.0))
(61032300,(1.3765073E7,830331.0))
(62032310,(2.0441829E7,330125.0))
(62093000,(4.7029653E7,1785734.0))
(10051018,(4708887.0,1086852.0))
(85366190,(1.4578299E7,606057.0))
(15156059,(4756841.0,202527.0))
(40129030,(5.143603E7,1.0158384E7))
(84602910,(3044909.0,389616.0))
(90065380,(2647499.0,18876.0))
(9019010,(6405856.0,557518.0))
(24012035,(6067088.0,929419.0))
(14019000,(8913021.0,4058286.0))
(38123990,(1.08807122E8,2.175154E7))
(11032040,(385983.0,881747.0))
(27101951,(8.1773113E7,1.54768958E8))
(3049700,(3584.0,989.0))
(8102010,(2.60055859E8,3.5184605E7))
(51033000,(7371.0,454.0))
(73042200,(1640135.0,82314.0))
(82079091,(3.6248285E7,894292.0))
(84254100,(5.1808851E7,9474765.0))
(12051090,(9.79455665E8,1.99169495E9))
(55103000,(566116.0,77508.0))
(82142000,(2.7941271E7,1556680.0))
(20093939,(1.8022424E7,6623255.0))
(94019110,(8866217.0,84588.0))
(90185010,(2.8920425E8,2906905.0))
(90119000,(4.617183E7,195879.0))
(84289079,(2.6881442E7,4007742.0))
(72990001,(9.2869538E7,1.0683117E8))
(63052000,(5.5061792E7,2477640.0))
(28042100,(2.6015284E7,5.1973455E7))
(20089732,(213.0,9.0))
(84073290,(4741523.0,325666.0))
(85409100,(491993.0,1451.0))
(39029090,(3.59179859E8,1.25862526E8))
(96138000,(4.1285917E7,3165983.0))
(20095010,(139613.0,127565.0))
(81124900,(48793.0,195.0))
(11041910,(3396280.0,8407267.0))
(55019000,(687953.0,30350.0))
(41019000,(9169635.0,8758734.0))
(16041993,(1385954.0,207919.0))
(84791000,(2.92532181E8,2.6608951E7))
(72089080,(1.60831691E8,1.38161872E8))
(29334930,(1278584.0,5258.0))
(29362300,(2.6956816E7,1130657.0))
(84622300,(1.03802149E8,9800801.0))
(28441030,(9.0504602E7,606577.0))
(85235990,(2.6468576E7,178253.0))
(29031900,(6011024.0,5662894.0))
(73041990,(2702340.0,590355.0))
(73181640,(8.769638E7,6902318.0))
(3048930,(64597.0,7302.0))
(2072710,(5.0911365E7,1.5740356E7))
(55151391,(728204.0,23796.0))
(39205910,(8873862.0,293154.0))
(55081090,(1.0267121E7,627085.0))
(3028140,(6418.0,2622.0))
(3048811,(126595.0,15576.0))
(28371100,(3568198.0,2640561.0))
(89011010,(1.910942373E9,1.32712766E8))
(73170020,(7.0456461E7,1.9406635E7))
(44181950,(1.00048284E8,1.8512929E7))
(85365007,(8.6344189E7,1045929.0))
(38089410,(1.00617774E8,5.1267993E7))
(56041000,(1.0318595E7,976010.0))
(19042099,(4.8478194E7,1.4351369E7))
(91022900,(1.72894115E8,23413.0))
(8012200,(9409807.0,1226381.0))
(69072200,(7.9668844E7,1.05882498E8))
(23099039,(2.7450132E7,1.5447182E7))
(87034010,(8.785313062E9,6.03562606E8))
(55159980,(2.5650609E7,1161437.0))
(90154000,(1.0322474E7,21035.0))
(82152010,(4.8098925E7,6034968.0))
(3061691,(6830196.0,649194.0))
(55142200,(1.5188926E7,1275327.0))
(25233000,(3.813496E7,1.84086264E8))
(76151030,(2.7248584E7,3862504.0))
(60053700,(2.9874223E7,2898510.0))
(28121200,(2856955.0,1211396.0))
(27111219,(5279999.0,356406.0))
(29041000,(7.7185934E7,4.343635E7))
(84629090,(2.0379298E7,2184082.0))
(60054400,(44256.0,1410.0))
(44034985,(5210302.0,9750637.0))
(20029091,(3.4680714E7,1.3881591E7))
(41041190,(969587.0,184347.0))
(15149990,(2.5318279E7,1.903732E7))
(91039000,(3426929.0,9789.0))
(90259000,(8.1405901E7,1775030.0))
(54072019,(1.326329E7,3813706.0))
(47032900,(6.14345331E8,1.058980136E9))
(38245090,(8.4776559E7,2.45031944E8))
(85491910,(1466.0,64.0))
(60032000,(972608.0,95022.0))
(28331900,(1.3430005E7,2.0532584E7))
(15131930,(1.6579254E7,1.0616692E7))
(1051119,(1.77818015E8,1516297.0))
(72281020,(1.8807632E7,1841034.0))
(27111310,(2.2939966E7,3.9885181E7))
(72044910,(5.80525063E8,1.611740992E9))
(3019985,(3.5661764E7,2028457.0))
(29339200,(129376.0,1983.0))
(84248290,(2.2242904E7,1664605.0))
(44079799,(675860.0,2127900.0))
(85299018,(1339078.0,10510.0))
(62046233,(1.4021108E7,442947.0))
(36031000,(629641.0,187977.0))
(4052030,(1.1185217E7,1627630.0))
(29093031,(13044.0,4904.0))
(20059100,(3653983.0,2350792.0))
(8135099,(1.5587829E7,3273452.0))
(70196910,(1.0977514E7,3373904.0))
(7102900,(1.6357269E7,9770016.0))
(85437009,(2.0459284E7,178125.0))
(48026900,(4.0628952E7,1.5140929E7))
(29314910,(62306.0,1170.0))
(28453000,(10632.0,5.0))
(20089963,(3.1429412E7,8825392.0))
(55151930,(1064111.0,334943.0))
(22084039,(3.6390066E7,5762072.0))
(18063100,(3.21493154E8,5.1469591E7))
(70161000,(1.3853883E7,3789381.0))
(38170050,(5.9788472E7,3.0757439E7))
(85351000,(4.683876E7,1890578.0))
(85291080,(2.3539934E7,152852.0))
(6029047,(5.4054501E7,3.8078906E7))
(95067010,(1.0527169E7,807808.0))
(84186900,(1.395564742E9,8.6560978E7))
(88079030,(7.5018424E7,289343.0))
(72051000,(1.7480765E7,1.2761914E7))
(57049000,(6.2657265E7,1.7805945E7))
(39209928,(1.11445284E8,1.3036698E7))
(48045100,(3434305.0,2175002.0))
(70021000,(5130759.0,4486976.0))
(44211000,(3.0833379E7,6944295.0))
(48059380,(3.0020884E7,3.4781648E7))
(44201900,(5.4785713E7,4996781.0))
(72189180,(6468167.0,3721511.0))
(20089928,(257518.0,34395.0))
(29419000,(5.17337741E8,987971.0))
(29093038,(1950770.0,341306.0))
(84332010,(1.0716774E7,720700.0))
(85171100,(1.17200209E8,1535286.0))
(29331990,(2.73487964E8,2888921.0))
(20082011,(17945.0,6854.0))
(99190000,(2.4025334E7,7284806.0))
(29395900,(5449636.0,68179.0))
(84819000,(1.174872024E9,4.3733837E7))
(71103900,(6446780.0,483.0))
(70051030,(4.4371093E7,6.9829334E7))
(93059900,(2.0252477E7,235058.0))
(62111200,(6.442919E7,1346601.0))
(34024100,(2.1720119E7,8170408.0))
(44089095,(2.5702643E7,1.9407858E7))
(22042984,(9.2586538E7,1.94498E8))
(29333950,(5.8866044E7,1995537.0))
(28012000,(7.7477937E7,1311795.0))
(2074551,(2295356.0,212048.0))
(70196210,(612559.0,180277.0))
(48109290,(2.55876791E8,2.5578462E8))
(58064000,(1.0285222E7,930057.0))
(52121290,(240408.0,45979.0))
(37032000,(1.0153655E7,1389151.0))
(53021000,(429391.0,418043.0))
(87029019,(1553100.0,728046.0))
(20021090,(9.2368058E7,6.0167782E7))
(59022010,(2.8296205E7,7073280.0))
(84031010,(2.6600762E7,2447542.0))
(85030099,(1.672224582E9,2.41679747E8))
(20060038,(1.8195355E7,2666500.0))
(64039196,(1.3161893E7,212947.0))
(22029999,(2.9943261E7,1.3387685E7))
(35040010,(1.51921837E8,1.4865712E7))
(29309016,(1.9347633E7,1072042.0))
(17024090,(1.1123928E7,1.2735657E7))
(41152000,(405432.0,331255.0))
(64029991,(2.0443928E8,9885348.0))
(3077210,(9432867.0,693727.0))
(2076021,(5053.0,313.0))
(62034319,(2.89387667E8,9145601.0))
(56039110,(279618.0,42857.0))
(7099960,(1.6559409E7,2.1040965E7))
(39119019,(1.65295932E8,4.2884846E7))
(84123900,(4.8169724E7,881109.0))
(9109933,(4629360.0,961075.0))
(42029219,(2.80938441E8,2.1503462E7))
(50072061,(1271148.0,28807.0))
(44079190,(1.71303708E8,1.48313982E8))
(73045189,(7705313.0,2381576.0))
(29024200,(26152.0,1726.0))
(9051000,(1.35260145E8,992980.0))
(10063065,(2.5299248E7,2.4794489E7))
(90171010,(1168592.0,64303.0))
(22042284,(2.6270893E7,2.1484914E7))
(2012090,(3.28372833E8,4.2506548E7))
(84439110,(5059684.0,134891.0))
(84283920,(7.3075527E7,4987722.0))
(55163200,(1513360.0,46922.0))
(72149910,(5.2208186E7,5.2710664E7))
(89032290,(1.10131287E8,1.6029445E7))
(7123900,(4.5424493E7,1819259.0))
(85285291,(3.931271E8,1.1752481E7))
(20098986,(175753.0,105370.0))
(18069050,(3.23878625E8,7.2067455E7))
(84471100,(2379593.0,63843.0))
(84431200,(1398138.0,119992.0))
(84799015,(3.6469694E7,887430.0))
(10062099,(44828.0,19119.0))
(70140000,(1.3335063E7,400926.0))
(72230011,(3058852.0,342864.0))
(2071450,(1.0869069E7,2037130.0))
(85272159,(4.3495257E7,478862.0))
(28051200,(9771139.0,5263250.0))
(12101000,(197640.0,20677.0))
(47010010,(1.6478923E7,3.3602244E7))
(84626990,(649527.0,84003.0))
(70109067,(2.5863731E7,2.2493394E7))
(54034100,(942527.0,30438.0))
(3049525,(1.9586246E7,6476017.0))
(31051000,(3.0145986E7,3.0167269E7))
(52081299,(4828735.0,1200841.0))
(4039031,(111247.0,34246.0))
(44022000,(1100266.0,701166.0))
(3079100,(2.6729846E7,6694634.0))
(62046331,(647835.0,17018.0))
(72104900,(1.903577578E9,2.194712112E9))
(28352200,(1.6292575E7,5791577.0))
(85061018,(2.2430365E7,2114617.0))
(55033000,(7975338.0,1905695.0))
(29034700,(571118.0,8732.0))
(84440090,(3115556.0,91036.0))
(15079010,(1.0357992E7,4716472.0))
(73043180,(3.7719198E7,5330802.0))
(29173300,(5.4365602E7,3.5128183E7))
(29071100,(1.6064656E7,1.2764203E7))
(87044391,(6431021.0,358013.0))
(61072200,(1.2459789E7,931387.0))
(3046900,(3750.0,353.0))
(29038200,(3811.0,68.0))
(66020000,(1.8438777E7,939413.0))
(28257000,(5.6949634E7,1872750.0))
(38091090,(8131987.0,1.3552235E7))
(8106000,(2531600.0,210029.0))
(54083100,(2414451.0,93783.0))
(44119300,(1.1427323E7,6324455.0))
(62033990,(3.6272446E7,528638.0))
(28418000,(1.33979E7,503048.0))
(29241200,(459699.0,248029.0))
(7108010,(1875898.0,645284.0))
(1022951,(7279258.0,1892783.0))
(94054110,(3.2807247E7,1523132.0))
(11042295,(672458.0,1432550.0))
(27081000,(5.828334E7,5.0082881E7))
(16010010,(1.6943072E7,4450797.0))
(32030090,(4.5459127E7,461849.0))
(84301000,(3.4166093E7,1727657.0))
(84137081,(1.80039479E8,7915670.0))
(85017100,(5009988.0,177796.0))
(39029020,(3075348.0,917376.0))
(69039090,(4.1843871E7,7372690.0))
(32073000,(1.8675953E7,197326.0))
(72171050,(3.2269465E7,1.2124435E7))
(87041010,(1.86651057E8,1.9727981E7))
(70191100,(1.90804192E8,1.45531561E8))
(20098111,(75055.0,92186.0))
(25086000,(3977375.0,7412532.0))
(29071590,(7222.0,1071.0))
(94035000,(5.07563368E8,1.9767925E8))
(90183190,(1.288259837E9,2.4267125E7))
(29211100,(2.4114325E7,1.8529931E7))
(84147000,(1.3864584E7,370063.0))
(55141990,(2169331.0,207906.0))
(3047110,(3.1880985E7,4402849.0))
(84592900,(1.4049731E7,1840492.0))
(54082400,(8606401.0,331425.0))
(73182900,(3.72261003E8,2.1812087E7))
(61072900,(1020316.0,56651.0))
(20083019,(9055.0,2192.0))
(23064900,(4.2249083E7,1.18962078E8))
(29221600,(669934.0,217773.0))
(72189110,(6.4780392E7,1.3666437E7))
(21061080,(8.7037044E7,1.3894843E7))
(18040000,(1.058190311E9,1.86814899E8))
(28061000,(5.3239642E7,3.15692185E8))
(94034090,(9.6079488E7,3.0599589E7))
(70109053,(4.28698903E8,6.51504573E8))
(84392000,(2.1187141E7,3236517.0))
(90079100,(1.5197453E7,93911.0))
(11090000,(4.05834537E8,2.09372017E8))
(44111292,(3.4313561E7,6.0240389E7))
(28112100,(6.7426416E7,2.44319096E8))
(49100000,(3.2403016E7,3973977.0))
(29104000,(6706.0,1388.0))
(87052000,(432610.0,198278.0))
(54011014,(3693749.0,423822.0))
(73209010,(1.3143316E7,1679436.0))
(52064100,(497949.0,16686.0))
(18062050,(7.3220801E7,2.0621355E7))
(32100090,(5.0378427E7,9492205.0))
(90273000,(2.76284465E8,1354599.0))
(15219010,(2403.0,45.0))
(39044000,(4824024.0,1980660.0))
(28419085,(3.7431547E7,5442348.0))
(84145915,(4.8422452E7,1019913.0))
(85491210,(333524.0,255332.0))
(73151190,(6.7004784E7,8174725.0))
(54078200,(9830481.0,406527.0))
(52094900,(6909377.0,225159.0))
(87042291,(2.285067832E9,1.96489566E8))
(7042000,(1.0533423E7,9071045.0))
(37039000,(2886672.0,334066.0))
(4012011,(6.4595662E7,7.2506531E7))
(3071190,(1.68226444E8,2.2576072E7))
(85372091,(3.09670314E8,1.3670189E7))
(44061200,(3.6759408E7,6.4398947E7))
(52081110,(375383.0,48066.0))
(62101092,(4.6324831E7,6916666.0))
(39123100,(8.1558362E7,1.5985788E7))
(94056980,(1.3414488E7,366567.0))
(3022190,(43495.0,2369.0))
(29054419,(2649480.0,1883598.0))
(2041000,(9.36029884E8,1.2237846E8))
(39100000,(6.98816557E8,1.05149014E8))
(38089130,(1.0155974E7,785642.0))
(87115000,(8.75548915E8,1.9078425E7))
(44125110,(1816365.0,546422.0))
(84861000,(7924695.0,22917.0))
(48022000,(7416979.0,3100071.0))
(22042137,(427915.0,134424.0))
(61151090,(8768059.0,348804.0))
(78041100,(1777039.0,42962.0))
(54041100,(2882930.0,245463.0))
(2072780,(4093908.0,1845664.0))
(28181099,(3224347.0,2913657.0))
(12059000,(3.18628468E8,6.5218105E8))
(2045039,(61782.0,13850.0))
(51113080,(2.5984573E7,1084474.0))
(56013000,(2.2568206E7,2953154.0))
(72285080,(9947339.0,3576104.0))
(72024190,(1.05420597E8,5.1737413E7))
(5119985,(2.25454542E8,3.63426752E8))
(85078000,(1.50385059E8,4857078.0))
(29215111,(639967.0,96929.0))
(52085100,(1.2631318E7,366885.0))
(39209921,(1.9963092E7,349671.0))
(70119000,(3791461.0,198658.0))
(72124080,(1.04457121E8,6.18139E7))
(51054000,(38009.0,2327.0))
(84431970,(6.806946E7,1429621.0))
(63053211,(3059665.0,810855.0))
(25010099,(7.9959977E7,2.96047896E8))
(2109985,(131130.0,26105.0))
(92089000,(4123244.0,136617.0))
(85141910,(2.6981071E7,3700486.0))
(84871010,(1.0212256E7,430403.0))
(44071210,(7.0376129E7,1.2080645E8))
(72282091,(4.6504068E7,3.9627423E7))
(85044085,(4.60173502E8,1.0149415E7))
(29037500,(54.0,0.0))
(61061000,(1.18249166E8,4183659.0))
(51071010,(1705432.0,100117.0))
(28152000,(8.9929666E7,1.02109698E8))
(2013000,(1.239055245E9,1.50677247E8))
(29209070,(8.7954853E7,5.5429717E7))
(84193900,(6.5286445E7,3524473.0))
(84381010,(1.75505761E8,7009417.0))
(73101000,(1.16711673E8,3.3496153E7))
(28273100,(9241780.0,1.4573333E7))
(84623210,(789914.0,243414.0))
(22042298,(430936.0,92592.0))
(64035199,(1.2858465E8,609724.0))
(85158010,(2.0359293E7,322612.0))
(2062910,(543940.0,303298.0))
(84419090,(1.91963894E8,6050072.0))
(85311030,(3.14000825E8,5219761.0))
(7069090,(4.5457287E7,6.0860737E7))
(39076900,(1.44978312E8,1.31173121E8))
(4069061,(1.52686189E8,1.2333022E7))
(5079000,(2297666.0,798011.0))
(40029910,(7543067.0,2147002.0))
(70133791,(3.4679933E7,9157793.0))
(25051000,(5.8872752E7,1.312361668E9))
(84272090,(1.05742804E8,1.4454581E7))
(84122920,(6.9649863E7,1232342.0))
(6012030,(7.4017664E7,8920846.0))
(47063000,(1434787.0,668160.0))
(84238980,(4354517.0,685867.0))
(84672980,(4.5289649E7,3759960.0))
(3036890,(882.0,98.0))
(16025095,(8.3987997E7,1.2940363E7))
(2072640,(3062369.0,6577521.0))
(72279095,(7.6582808E7,5.4010187E7))
(16024290,(701819.0,89158.0))
(48103900,(4.5254773E7,3.9956195E7))
(12099180,(8.47567112E8,1.7150222E7))
(2012020,(1.04146319E8,1.9761576E7))
(72193100,(1.4867493E7,3847261.0))
(64039931,(4.2125033E7,1078691.0))
(41033000,(254594.0,1425.0))
(44083985,(686749.0,107522.0))
(48115100,(7.3982095E7,7.6116097E7))
(85123010,(5.4922907E7,733701.0))
(38248100,(1804616.0,498801.0))
(22085019,(3932659.0,1071553.0))
(59113290,(3632334.0,107054.0))
(87089191,(751147.0,61899.0))
(72023000,(1.09529275E8,1.09241633E8))
(81029700,(9.6824416E7,5664711.0))
(1012990,(9.0546733E7,3176942.0))
(17011210,(400234.0,321456.0))
(60052300,(1377503.0,45895.0))
(41141010,(2269349.0,71677.0))
(74040099,(4.18968404E8,1.09865281E8))
(16024990,(1.4814286E7,2293758.0))
(65040000,(3.5604486E7,1050756.0))
(73129000,(2.7811472E7,3469965.0))
(97069000,(2.21025645E8,2532342.0))
(86069900,(3.2849876E7,9313506.0))
(85395100,(9.296391E7,2525838.0))
(90318080,(9.58284381E8,7354189.0))
(57033999,(2.8843492E7,4250412.0))
(88010010,(6928192.0,84040.0))
(84778099,(1.57038984E8,3522804.0))
(94021000,(4.1750806E7,1940849.0))
(40094100,(6.7465319E7,5864573.0))
(29096090,(1.5097555E7,2733576.0))
(12092950,(1207050.0,1365098.0))
(76061150,(1.7031589E7,3945757.0))
(85011010,(5.0899846E7,1823638.0))
(58109290,(2426782.0,126268.0))
(2083000,(375.0,49.0))
(2109971,(201256.0,3486.0))
(22042998,(2.3066851E7,9058203.0))
(29036100,(719942.0,90169.0))
(11029030,(6641332.0,8233114.0))
(3073920,(283990.0,60815.0))
(29122900,(4.0830431E7,2595054.0))
(38248800,(2842632.0,395398.0))
(3035490,(5460.0,2105.0))
(61022010,(4162758.0,86559.0))
(79011230,(1.28496209E8,4.226588E7))
(46019405,(674832.0,103350.0))
(20060010,(4514889.0,1076933.0))
(87060099,(8.6473259E7,5578740.0))
(26171000,(249641.0,24256.0))
(87012310,(2450750.0,284740.0))
(40012200,(1.42292137E8,7.9382988E7))
(72142000,(4.25546283E8,6.86029591E8))
(27074000,(311864.0,216379.0))
(62032380,(1.4613493E7,758678.0))
(28369917,(2.3079848E7,8120197.0))
(64059090,(5.1267357E7,3595091.0))
(40113000,(1.83317611E8,6985018.0))
(84669340,(3.2401016E7,883718.0))
(96019000,(1.7209563E7,150020.0))
(32041500,(3932518.0,318816.0))
(15121199,(209499.0,48683.0))
(82071300,(1.2397594E7,1096398.0))
(35069900,(1.03296657E8,3.6666084E7))
(71012200,(1.0460656E7,7819.0))
(8112090,(1617426.0,349764.0))
(3063210,(1.27152253E8,5396854.0))
(87141040,(4.4366269E7,723916.0))
(87089310,(5.6843998E7,6234600.0))
(62033290,(1.53919097E8,1635119.0))
(72281090,(1.12945477E8,6278000.0))
(85423219,(1.6029896E7,577977.0))
(2109292,(365.0,1074.0))
(62149000,(8.0310819E7,1154873.0))
(84472080,(3485125.0,149919.0))
(82151030,(2170598.0,192684.0))
(52101900,(6157251.0,1693211.0))
(59061000,(4.5360542E7,5864462.0))
(44072799,(8431943.0,8095338.0))
(90182000,(4.5998661E7,214555.0))
(85323000,(4122131.0,26369.0))
(90322000,(4.7165194E7,776652.0))
(53089012,(44046.0,3856.0))
(24012070,(42827.0,3858.0))
(61113010,(1120385.0,50676.0))
(87089135,(3.19417832E8,2.3259076E7))
(87149930,(8582263.0,716779.0))
(42021211,(2.2703919E7,639637.0))
(84490000,(6.1421086E7,3614051.0))
(56031480,(2.7105902E7,5857974.0))
(95030085,(1.01401003E8,4663918.0))
(51062099,(3012164.0,188612.0))
(40169952,(2.26873573E8,2.4715129E7))
(2074593,(1.01669741E8,3009024.0))
(29161400,(1.65483237E8,6.1620687E7))
(61103091,(3.33833215E8,1.2108423E7))
(73269098,(3.701457582E9,1.179058583E9))
(40024100,(2522000.0,663380.0))
(20099049,(5610875.0,2892842.0))
(85238090,(2.72894031E8,1.2949213E7))
(52061300,(145162.0,19037.0))
(19023010,(1.26039469E8,4.4025807E7))
(3028490,(5474868.0,626298.0))
(84371000,(1.5734583E7,806672.0))
(83111000,(5.1884209E7,1.0676002E7))
(29211940,(62372.0,16285.0))
(94052150,(1.7620562E7,974348.0))
(4029931,(3.2335924E7,7973107.0))
(4032031,(4038525.0,2634308.0))
(28334000,(1.2900667E7,5145765.0))
(17025000,(1.1056291E7,6564141.0))
(39079980,(6.03540205E8,1.8359384E8))
(48026200,(1.6909543E7,1.1313334E7))
(28444110,(5093917.0,1773.0))
(61046300,(6.01326458E8,2.5238876E7))
(2109299,(32842.0,5130.0))
(38231930,(3655846.0,2021486.0))
(91144000,(8751363.0,2251.0))
(23025000,(4416351.0,1.1863274E7))
(29031200,(3.6062984E7,3.2952959E7))
(63049200,(3.5669264E7,3600429.0))
(17039000,(3.0912122E7,1.21562951E8))
(84136080,(1.1256218E8,3365890.0))
(84212100,(8.71184974E8,6.4496831E7))
(29224400,(1177.0,252.0))
(3091000,(2872355.0,110973.0))
(64032000,(1.7514476E7,392013.0))
(15041091,(6442.0,931.0))
(3038990,(3.6131194E7,1.0679013E7))
(84813099,(1.38092295E8,2661855.0))
(20088031,(6198.0,1000.0))
(42023290,(1.40966339E8,2883907.0))
(33021021,(4151343.0,509999.0))
(76072091,(7.769015E7,2.2993696E7))
(84181020,(2.91713909E8,6.3969457E7))
(84323911,(1.12609274E8,7290831.0))
(4029910,(5.0828172E7,1.9537071E7))
(81129240,(1.7113667E7,302585.0))
(85099000,(8.2312068E7,4315752.0))
(84626290,(1.8981463E7,1764882.0))
(20098979,(6.5706466E7,1.0146992E7))
(72011030,(2331807.0,4302529.0))
(29093010,(362177.0,120903.0))
(56081180,(8601325.0,1297779.0))
(29214600,(536498.0,1012.0))
(3046200,(1.1310435E7,3541104.0))
(73211110,(6.5149359E7,8093496.0))
(38140090,(1.58121686E8,3.3082047E7))
(95030029,(1.9549616E7,1212678.0))
(84501200,(1.8479501E7,6039042.0))
(29161995,(4.0905361E7,4519424.0))
(40101100,(8136217.0,931666.0))
(63059000,(1.1439745E7,1873772.0))
(39207100,(1.6987449E7,1990639.0))
(43031010,(388663.0,29131.0))
(61101110,(1.69400346E8,1683824.0))
(6049011,(2766784.0,308040.0))
(42022100,(7.901364664E9,2.0172024E7))
(72269120,(856945.0,447603.0))
(87044139,(1166815.0,64820.0))
(17049010,(8205311.0,747030.0))
(96099010,(9798354.0,897370.0))
(74031300,(4.15561795E8,5.0611965E7))
(55142900,(6576893.0,267554.0))
(29398000,(1370606.0,65827.0))
(52094200,(1.0110721E7,451664.0))
(87043110,(670680.0,131722.0))
(8029910,(2.8482195E7,2622791.0))
(85015399,(9.92673E7,4512456.0))
(94053900,(1.0989717E7,290879.0))
(94054131,(3.7843079E7,3778837.0))
(29054300,(1.61143132E8,2.0656791E7))
(20099021,(217407.0,101929.0))
(27111100,(1.3622777664E10,0.0))
(73089051,(3.33564636E8,1.43593341E8))
(29333999,(1.396453856E9,1.3827645E7))
(99050000,(5.90261788E8,1.24993547E8))
(96061000,(6.1016159E7,1610534.0))
(72091810,(89520.0,79830.0))
(96082000,(2.60652241E8,2.117008E7))
(22084011,(6.4355573E7,6502841.0))
(72222031,(1.16861261E8,2.1483583E7))
(85493100,(12488.0,15394.0))
(85141980,(5.7196764E7,1989222.0))
(84072191,(1.8863821E7,603346.0))
(72261980,(2.00760981E8,9.322967E7))
(8135015,(1.2460105E7,441563.0))
(39172310,(1.25990973E8,5.5885941E7))
(20086050,(2.3949313E7,6519517.0))
(76020011,(7.7707848E7,6.1695851E7))
(72253090,(7.15779327E8,8.6003091E8))
(39269050,(1.4051277E7,2159785.0))
(41071990,(7796106.0,858153.0))
(84561190,(2.14955076E8,5329082.0))
(68042290,(2.5010162E7,2481256.0))
(68118100,(1.4045505E7,2.4426249E7))
(70042091,(586.0,43.0))
(34031100,(1.5156123E7,7063159.0))
(39261000,(1.62272461E8,2.8124328E7))
(85162910,(1.27658228E8,2.1135147E7))
(72029300,(5.0953168E7,2376392.0))
(87083010,(7.26913586E8,1.22683556E8))
(22082086,(321062.0,101598.0))
(84111230,(5.419211143E9,2395557.0))
(23099053,(1014193.0,945381.0))
(34025010,(8.49992E7,7.4127431E7))
(17011490,(7.1042705E7,9.8752774E7))
(9011100,(9.55248239E8,2.48033242E8))
(84219100,(8.6095877E7,1785224.0))
(3028910,(2814675.0,260282.0))
(81110011,(1.8443094E7,8158762.0))
(38274000,(558.0,3.0))
(3047950,(1.8519169E7,3473500.0))
(64042010,(7710434.0,83717.0))
(4011010,(3.0491434E7,2.6069351E7))
(74130000,(2.57035639E8,3.0795027E7))
(2071499,(6597262.0,7053076.0))
(90153090,(5897860.0,301377.0))
(12099999,(1.3777028E7,1768607.0))
(70133399,(3790935.0,206702.0))
(84196000,(5.0950018E7,1414958.0))
(29163990,(4.0064994E7,609123.0))
(95061900,(4.3818728E7,1436316.0))
(20084090,(1.0844503E7,7937338.0))
(39023000,(1.353305393E9,8.92320995E8))
(2075461,(70678.0,6074.0))
(3028931,(1.3683892E7,4796365.0))
(43021980,(7986388.0,137147.0))
(27060000,(4.6912635E7,8.1957925E7))
(62044910,(2.12738374E8,509773.0))
(87087091,(2.8740501E7,1.0154234E7))
(44124900,(4493498.0,2859519.0))
(42021190,(8.8143421E7,471502.0))
(62079910,(2198389.0,153406.0))
(58022000,(608319.0,59933.0))
(33012971,(9530629.0,27564.0))
(41053090,(1074293.0,74518.0))
(21033010,(2325719.0,629396.0))
(92071080,(3.266932E7,1187265.0))
(54060000,(2954734.0,301208.0))
(21990001,(8797651.0,825559.0))
(7108059,(8140123.0,4248841.0))
(56031410,(3.4275982E7,4810215.0))
(85437030,(2.0129701E7,217433.0))
(15012090,(1.8969439E7,1.5877617E7))
(50072019,(1.5492079E7,264370.0))
(63101000,(9999609.0,1.6066796E7))
(70112000,(11124.0,642.0))
(62034130,(389785.0,4927.0))
(5119110,(3.9953238E7,5.1020279E7))
(88026019,(9.5319026E8,27886.0))
(83024900,(4.88994197E8,1.4125625E7))
(39079910,(9969615.0,2985512.0))
(3022400,(2.9751634E7,1928982.0))
(84224000,(5.74705141E8,1.2449218E7))
(72099020,(2665799.0,743380.0))
(39069060,(1.4238658E7,2047428.0))
(3038955,(856961.0,128296.0))
(29181700,(1775.0,394.0))
(22051090,(464618.0,127138.0))
(20098195,(5419823.0,2893841.0))
(12073000,(3419.0,1051.0))
(12149090,(8.1953134E7,2.74684903E8))
(26201100,(4708333.0,2306624.0))
(2032110,(3775390.0,560166.0))
(22042109,(1.3466226E7,3601626.0))
(85241100,(4.158493E7,404690.0))
(20093911,(167956.0,63360.0))
(59029010,(6829105.0,1176505.0))
(20085098,(625415.0,174478.0))
(63080000,(8165077.0,503710.0))
(48189090,(1.38894957E8,4.3207771E7))
(4014090,(2.832663E7,2.1999324E7))
(84073430,(1.4895264E7,6729531.0))
(38249962,(1196267.0,318909.0))
(70023100,(2510347.0,41112.0))
(39207310,(12080.0,500.0))
(20089774,(3.1076451E7,1.1842096E7))
(2076091,(19084.0,520.0))
(84836080,(1.68233044E8,5522809.0))
(51113010,(3181883.0,75777.0))
(2075510,(4527286.0,916798.0))
(29125000,(3580139.0,591208.0))
(90241080,(1.4182473E7,101773.0))
(29335910,(4469442.0,19499.0))
(16041426,(3.5089969E7,6254676.0))
(84385000,(1.93156645E8,4472544.0))
(39012010,(2.3687898E7,1.8381689E7))
(20060031,(7325396.0,2050387.0))
(75022000,(2.05437225E8,1.0241143E7))
(89031100,(1.3631546E7,1096103.0))
(84081039,(7165604.0,386533.0))
(3044100,(2.29663702E8,1.7159051E7))
(92011090,(1972240.0,192923.0))
(48114120,(5.2249858E7,1.2227557E7))
(56090000,(4.1499583E7,5929083.0))
(61069050,(3736219.0,76303.0))
(65050010,(1.5199105E7,215586.0))
(83013000,(1.8341678E7,564836.0))
(63049900,(3.1176373E7,1396282.0))
(92071010,(875879.0,17438.0))
(61044900,(4.5914162E7,845957.0))
(47069300,(3792489.0,822358.0))
(19022030,(6.0555593E7,1.4555708E7))
(90221200,(5.31289325E8,5393437.0))
(84853090,(5079.0,39.0))
(29043100,(59280.0,32144.0))
(3035700,(1709724.0,124844.0))
(73024000,(1.2901127E7,5256519.0))
(67010000,(7057362.0,440856.0))
(74072110,(2.28020059E8,4.1534291E7))
(95061200,(6.7860037E7,2110482.0))
(3049490,(1.1543444E7,6752493.0))
(22042186,(5539146.0,1164453.0))
(23024090,(1.0374727E7,3.0633496E7))
(90303100,(5.0168075E7,596316.0))
(85014020,(3.36344568E8,1.8407836E7))
(72191210,(1.83162395E8,7.8667237E7))
(3078400,(2430400.0,177614.0))
(61029010,(5102504.0,121735.0))
(96180000,(5.702183E7,2109512.0))
(29315400,(443.0,16.0))
(72261910,(69530.0,44023.0))
(85285900,(4.07630662E8,3413520.0))
(15220039,(597.0,41.0))
(87019590,(2.3274202E7,4467853.0))
(91029900,(1.768085E7,41476.0))
(92012000,(2.4962489E7,479844.0))
(72092790,(2.4016379E7,2.4905418E7))
(84081081,(1.3233696E7,460517.0))
(38029000,(9.1355097E7,2.16372727E8))
(73030090,(6.7362644E7,4.917337E7))
(9072000,(1028179.0,114564.0))
(88069300,(578612.0,992.0))
(73090059,(9.2270653E7,1.0010933E7))
(38109010,(168098.0,10760.0))
(90181300,(5.03313122E8,6211896.0))
(84148078,(2.3647468E7,1514095.0))
(3033950,(30027.0,2424.0))
(85287300,(1886834.0,76766.0))
(20099098,(9204078.0,9814311.0))
(48043980,(5.9689323E7,3.606327E7))
(82100000,(6.2664767E7,3373338.0))
(41044151,(229072.0,5801.0))
(70091000,(2.04833062E8,7868169.0))
(70071190,(3.822273E7,6143069.0))
(84378000,(3.3518784E7,1781579.0))
(7108080,(9399223.0,3276920.0))
(84805000,(4.2674297E7,1778566.0))
(44029000,(8.0786977E7,9.4001729E7))
(56075090,(8405781.0,592361.0))
(39990001,(3.0324612E7,2172809.0))
(84413000,(4.83923538E8,1.5396259E7))
(22042193,(3.2025481E7,9788990.0))
(48162000,(3890939.0,1744056.0))
(21013011,(1.8176772E7,4853664.0))
(39169090,(7.7493819E7,8624141.0))
(22042123,(2771599.0,163583.0))
(85049013,(1.2864688E7,2039379.0))
(28274990,(1.8453986E7,9310941.0))
(22041094,(4016957.0,923999.0))
(52115200,(1.5164802E7,756566.0))
(62114231,(3619581.0,76041.0))
(20083075,(635417.0,220880.0))
(16023219,(5.45155575E8,1.04803492E8))
(82074030,(1.1094303E7,407658.0))
(87088099,(4.71765583E8,8.0730108E7))
(84589120,(3.187929E7,1805080.0))
(85287230,(5782631.0,225143.0))
(38276100,(1.3598531E7,358557.0))
(8043000,(1.54170399E8,1.73408486E8))
(85361010,(5.6160063E7,919678.0))
(84659400,(9515428.0,492095.0))
(73121020,(3.0561859E7,4014106.0))
(4032059,(266832.0,127523.0))
(27122090,(2.1875666E7,1.0081048E7))
(84081011,(159905.0,15561.0))
(87164000,(1.31522324E8,2.2509285E7))
(39019080,(2.85788668E8,1.11848935E8))
(81039990,(2.2271032E7,45434.0))
(30064000,(2.08711529E8,2051349.0))
(3039200,(51977.0,7208.0))
(28442059,(4129.0,1.0))
(2075300,(5574821.0,135756.0))
(40103900,(1.18634879E8,4724418.0))
(60011000,(5199229.0,395381.0))
(76149000,(1.9754177E7,4792838.0))
(3061110,(3.5149415E7,1001103.0))
(38190000,(1.64122496E8,4.2564757E7))
(84615090,(1.1880075E7,471280.0))
(84721000,(4034719.0,161477.0))
(58050000,(8313792.0,84770.0))
(29012300,(2.7028388E7,2.2193023E7))
(4081920,(312239.0,62449.0))
(7051100,(8.3623222E7,6.9042199E7))
(40103200,(1.8198841E7,726049.0))
(52113100,(3316448.0,123202.0))
(9030000,(2092640.0,470051.0))
(28362000,(1.78155815E8,4.59024296E8))
(3019110,(7758237.0,1928460.0))
(74081910,(1.95217526E8,2.4082201E7))
(38259090,(2065999.0,4479033.0))
(87021011,(1.548577515E9,1.09729376E8))
(28112905,(2668110.0,8990241.0))
(58109990,(4089825.0,145140.0))
(25261000,(9019966.0,4.4266041E7))
(84322910,(1.073227E8,1.3187161E7))
(21022090,(4.1551251E7,1.4066495E7))
(8129030,(3367.0,873.0))
(16042070,(1.02600378E8,1.6290623E7))
(90329000,(2.66554946E8,3661075.0))
(2064100,(1205759.0,1940389.0))
(29241900,(3.02861958E8,8.3553192E7))
(36069010,(1269545.0,74427.0))
(2045011,(1.6925634E7,1859048.0))
(85491420,(46.0,1.0))
(43023051,(110.0,1.0))
(85423275,(2.03485578E8,1571086.0))
(82149000,(8161132.0,448058.0))
(35029020,(4967737.0,3972981.0))
(38253000,(284540.0,1.8096866E7))
(4041054,(54234.0,35813.0))
(74092900,(1.5301781E7,1465734.0))
(29143900,(1.9238785E7,3589462.0))
(41015010,(1.7304697E7,1.4821191E7))
(20057000,(1.93113396E8,9.1038861E7))
(22042291,(37041.0,2920.0))
(20087079,(1.440033E7,6556213.0))
(84221900,(1.29070614E8,4840429.0))
(84291900,(5698655.0,940645.0))
(44031100,(3.5380151E7,1.87880822E8))
(3023310,(272174.0,73945.0))
(48092000,(3.5280202E7,1.2402091E7))
(3024990,(4499707.0,782959.0))
(85332100,(2.54187125E8,1.7678322E7))
(87149300,(4.4507348E7,1336238.0))
(55061000,(790351.0,27124.0))
(85272152,(3119725.0,6425.0))
(54049010,(1607472.0,349133.0))
(32072090,(2.7628331E7,6857002.0))
(37029690,(622085.0,18336.0))
(20089921,(212997.0,111125.0))
(37061099,(336625.0,21750.0))
(40112090,(9.73232107E8,1.92825334E8))
(23031090,(4.3861985E7,9.749959E7))
(92099920,(7.1569994E7,325693.0))
(82051000,(1.3102045E7,1133692.0))
(84742000,(1.47022691E8,1.4753981E7))
(22042228,(1773483.0,545456.0))
(84642019,(1.392217E7,960758.0))
(37023285,(177869.0,878.0))
(84609000,(3.1981554E7,928011.0))
(85369095,(7.60489915E8,1.9392308E7))
(57032991,(1.0013147E8,2.2365854E7))
(62041200,(5841250.0,121274.0))
(35052050,(3813730.0,3903865.0))
(61121900,(1.1276355E7,260882.0))
(59050010,(2337693.0,21726.0))
(8051022,(2.66209567E8,2.47045972E8))
(2023010,(3.0342602E7,5689294.0))
(19054090,(5.3938664E7,1.663131E7))
(35019010,(2518822.0,670777.0))
(22042991,(1046464.0,633056.0))
(90105000,(2716575.0,38056.0))
(63041990,(1.2973844E7,1758983.0))
(55091100,(9464034.0,428324.0))
(3033110,(580123.0,89530.0))
(62081100,(1.9805599E7,955889.0))
(7041090,(1.4317907E7,9353399.0))
(48169000,(2667068.0,345062.0))
(72149931,(1.8055076E7,1.5544129E7))
(85113000,(4.6056943E7,1724011.0))
(87023090,(613185.0,340773.0))
(60062100,(1.6302182E7,789609.0))
(76121000,(6.0863732E7,7978402.0))
(11010011,(1.8605219E7,2.9637907E7))
(87043131,(1322083.0,91196.0))
(84049000,(2.2953039E7,2401416.0))
(85423919,(7.2653675E7,75312.0))
(87163930,(6.15291874E8,1.04664268E8))
(82075010,(1.208174E7,432397.0))
(64021290,(1.4745545E7,310494.0))
(19053299,(1.81343057E8,4.2469035E7))
(10063044,(1882086.0,1227781.0))
(38276800,(2.3594653E7,2350400.0))
(90063000,(4908329.0,8768.0))
(84283990,(2.72231882E8,1.7574732E7))
(84596190,(1.6836388E7,1600529.0))
(85176910,(7.7266222E7,699106.0))
(3056980,(5432951.0,1381830.0))
(90172039,(1.129734E7,974323.0))
(20094919,(1135493.0,1060257.0))
(35029090,(7901913.0,2130876.0))
(60059090,(9698339.0,1289007.0))
(29394500,(15246.0,61.0))
(84158200,(2.55788907E8,2.0090757E7))
(85433040,(3041673.0,53166.0))
(35021110,(232709.0,13257.0))
(4039073,(1098632.0,328852.0))
(62142000,(5.19655104E8,1067916.0))
(59032090,(1.24386033E8,7586197.0))
(44072995,(5.5994129E7,4.927605E7))
(70031990,(1.40120428E8,2.595652E7))
(3033985,(2113931.0,434528.0))
(90258020,(2037950.0,25878.0))
(84621110,(1.9009061E7,1346464.0))
(87033219,(5.801362248E9,3.73897783E8))
(56022100,(4421124.0,266260.0))
(44151010,(1.0265526E8,4.8019779E7))
(90192010,(2.0890049E7,187503.0))
(2032915,(1.30954787E8,4.6739406E7))
(3047411,(4.8660884E7,8214920.0))
(39046100,(6.5113342E7,3306648.0))
(85168020,(8.4034149E7,2780366.0))
(85271200,(249421.0,4115.0))
(29307000,(331844.0,144911.0))
(72172030,(7.865182E7,6.5291559E7))
(39209200,(4.0063042E7,1.0146486E7))
(87089499,(4.9242374E8,4.5462724E7))
(84539000,(2.0432767E7,262427.0))
(96159000,(2.0202421E7,823302.0))
(91109000,(1323370.0,6821.0))
(20079190,(7866136.0,1654272.0))
(76061199,(1.0094254E7,1830041.0))
(12060099,(3.20022013E8,6.50638024E8))
(44071910,(1.6221269E7,2.9927747E7))
(79012000,(1.43404841E8,4.6389344E7))
(84021910,(1.205603E7,1564655.0))
(2022030,(4991893.0,775070.0))
(25191000,(771239.0,2022801.0))
(84625100,(4940097.0,180719.0))
(3027300,(454460.0,85237.0))
(22043096,(6248328.0,5013648.0))
(3049910,(1627599.0,765875.0))
(3063910,(847071.0,49249.0))
(48232000,(7.5574051E7,1.1882494E7))
(85442000,(2.58858965E8,1.0621758E7))
(4039059,(1.2949631E7,4443761.0))
(87024000,(1.29018411E8,5199172.0))
(92029080,(1.0812214E7,86390.0))
(29337100,(2541313.0,1008887.0))
(26206000,(3269.0,26127.0))
(16029099,(2.0901962E7,3762413.0))
(20071091,(851850.0,181193.0))
(97052200,(1063527.0,6238.0))
(94069090,(1.43278864E8,4.3314647E7))
(4015091,(6261531.0,1054621.0))
(55012000,(7016041.0,2706272.0))
(84201089,(7642026.0,408870.0))
(44072610,(10273.0,319.0))
(73121041,(7.7390683E7,2.5162154E7))
(64035115,(2.4141894E7,221407.0))
(44187900,(2.4346129E7,7309759.0))
(29036919,(2.0005571E7,1274015.0))
(28431090,(762888.0,2238.0))
(61079900,(8586071.0,661342.0))
(40012900,(3869032.0,931748.0))
(85423261,(4.8383123E7,40388.0))
(84659190,(2.2735301E7,2183085.0))
(87019310,(5.76152129E8,5.5211759E7))
(73121069,(2007501.0,428042.0))
(40082900,(1.3437E8,8488190.0))
(72193310,(4.66749562E8,1.68729941E8))
(28131000,(3.1664342E7,6.1141925E7))
(3074333,(990408.0,104040.0))
(75052100,(9903450.0,301023.0))
(20089991,(1.632318E7,5584036.0))
(55161100,(8072404.0,1277724.0))
(73121083,(2.512757E7,6488187.0))
(44092910,(8882485.0,1417288.0))
(69032090,(4.3150673E7,8912212.0))
(4041026,(6132472.0,3550412.0))
(22029915,(1.8614005E8,2.22199403E8))
(84748090,(8.345119E7,4621947.0))
(29146980,(1626726.0,66053.0))
(10063023,(656897.0,536778.0))
(63051090,(3625434.0,1047853.0))
(84303100,(1.5333039E7,1382425.0))
(87032190,(3.28078417E8,4.1013399E7))
(20087051,(8978.0,3912.0))
(55093200,(3.5215654E7,4516170.0))
(85051190,(6.5141627E7,1861077.0))
(87079090,(1.040349733E9,7.443732E7))
(3081200,(6000.0,300.0))
(57042000,(6233521.0,2144800.0))
(53101010,(658476.0,179324.0))
(3073290,(6085946.0,843482.0))
(60039000,(3000183.0,244747.0))
(30036000,(580761.0,9191.0))
(44050000,(8128315.0,1.4822993E7))
(2044290,(2.4127853E7,3827621.0))
(60064200,(1.0351393E7,1347992.0))
(25174900,(4.2105522E7,1.537448094E9))
(84336000,(7.3311195E7,2976317.0))
(8026200,(9995240.0,1097117.0))
(64039938,(2.65253E8,3325011.0))
(22082016,(419925.0,66878.0))
(32129000,(1.75123201E8,1.4323604E7))
(38070090,(4018552.0,3828818.0))
(51121900,(4.8409294E7,864386.0))
(20093995,(27396.0,9004.0))
(54075400,(2.5955942E7,1436783.0))
(71101100,(4.8365635E7,4713.0))
(72249002,(2.1138458E7,3491499.0))
(55151230,(1636293.0,392874.0))
(72021180,(7.4061687E7,8.5411813E7))
(48120000,(1.9806475E7,2423173.0))
(84501900,(2090709.0,936386.0))
(57021000,(6549880.0,387448.0))
(28275900,(2497285.0,1227912.0))
(8042090,(4.4529059E7,9961371.0))
(21023000,(8410531.0,2291986.0))
(84532000,(7181714.0,292198.0))
(2109929,(968240.0,58341.0))
(72192400,(2522077.0,698763.0))
(4069089,(2.56057552E8,3.4125144E7))
(85064000,(3291859.0,99193.0))
(28341000,(5966782.0,5960272.0))
(61109090,(1.85393288E8,2215641.0))
(90262080,(2.78574171E8,1694893.0))
(85459010,(2538948.0,366588.0))
(81129289,(104271.0,270.0))
(84014000,(6.1020196E7,344297.0))
(84069090,(1.07519793E8,3548896.0))
(84573090,(2905785.0,187537.0))
(72112320,(4.2437297E7,2.92275E7))
(9023000,(8.6485931E7,6376630.0))
(9042110,(6389647.0,1372604.0))
(44111495,(6.8340009E7,4.8237376E7))
(71129100,(4.27443789E8,97525.0))
(94052990,(7.4182762E7,7483216.0))
(86079980,(6.36315986E8,5.7397303E7))
(84511000,(3387886.0,572998.0))
(28444320,(8.9041965E7,335536.0))
(61130090,(7.9530423E7,3197167.0))
(52122410,(1428705.0,202897.0))
(8111019,(2683233.0,1020693.0))
(45041011,(9.5666743E7,7375383.0))
(3039900,(7931656.0,5410841.0))
(53062090,(896483.0,70136.0))
(7095200,(3244758.0,168872.0))
(20091111,(292889.0,234882.0))
(84324100,(2.5106324E7,4666335.0))
(84839020,(3.6491583E7,1889778.0))
(72191490,(4.6157219E7,3.3832199E7))
(85016120,(2.7811961E7,698347.0))
(29146910,(202850.0,1222.0))
(84661080,(6320654.0,39291.0))
(73066910,(6908963.0,3774127.0))
(76012080,(6.15466937E8,2.45157633E8))
(73061100,(1.0845709E7,983060.0))
(3048818,(97812.0,25581.0))
(73182200,(1.68630145E8,2.1046438E7))
(29141100,(6.0348769E7,5.7184689E7))
(84042000,(2558265.0,311508.0))
(62113342,(1.3944405E7,196561.0))
(27011210,(8.87579998E8,3.13280331E9))
(63013010,(5753917.0,251830.0))
(44183000,(1.5376644E7,1.4079774E7))
(86079910,(8066276.0,1208060.0))
(12115000,(629687.0,43249.0))
(84091000,(3.1821193E7,33615.0))
(44124200,(1.0446364E7,2373634.0))
(8081010,(5752563.0,1.8491519E7))
(42034000,(2.4335104E7,227410.0))
(21011100,(4.11194179E8,2.9319939E7))
(37011000,(1.580883E7,663427.0))
(92019000,(1204907.0,37908.0))
(84189910,(1.96125324E8,1.303655E7))
(64039105,(2418385.0,25956.0))
(56039390,(6.2651575E7,1.3779959E7))
(40141000,(2.5070349E7,1068609.0))
(15121990,(5.8445344E8,3.9066803E8))
(17029095,(1.15202788E8,9.7749295E7))
(85423310,(2.2198013E7,11056.0))
(24022010,(3268.0,38.0))
(52029100,(4422835.0,9060429.0))
(95069110,(2.53429293E8,3.6005892E7))
(44083915,(427742.0,46884.0))
(85287111,(2803361.0,29651.0))
(90160090,(3726665.0,39683.0))
(95030099,(2.26757557E8,1.9022788E7))
(41131000,(1.9132981E7,363288.0))
(85049090,(3.42104264E8,1.1109882E7))
(27079999,(1.104693774E9,2.14217655E9))
(20089949,(7.9147235E7,3.5458339E7))
(1029020,(1950008.0,443887.0))
(84136031,(1.57073565E8,4894515.0))
(79040000,(2.0897203E7,4802754.0))
(30033900,(3.992049E7,165073.0))
(6031910,(2375486.0,303299.0))
(90301000,(1.41933354E8,249403.0))
(21039030,(1002705.0,77034.0))
(3032900,(198093.0,40873.0))
(78011000,(2.06573946E8,9.5004157E7))
(20089319,(951.0,307.0))
(64041100,(1.905573849E9,4.1881822E7))
(71131900,(1.1191353586E10,633484.0))
(7102200,(9.2281028E7,8.5719979E7))
(29034910,(24591.0,466.0))
(38151990,(1.72456145E8,2.9139358E7))
(26121090,(43906.0,2664.0))
(85322300,(1.2071676E7,301026.0))
(22042928,(4009646.0,1473758.0))
(84191100,(1.3694815E7,1123709.0))
(3044730,(38212.0,9545.0))
(96032930,(3.827603E7,2593659.0))
(88062300,(651641.0,866.0))
(72111900,(1.21252617E8,1.19216778E8))
(28201000,(117776.0,72296.0))
(73241000,(5.5042577E7,4900895.0))
(71171100,(8419863.0,84549.0))
(72202081,(8.5300223E7,1.430866E7))
(76069200,(2.52448883E8,6.9414593E7))
(81043000,(3208205.0,503545.0))
(72083900,(6.10096016E8,8.61208567E8))
(3038115,(3181372.0,792310.0))
(94051940,(4.6112468E7,3208306.0))
(3081900,(10489.0,1024.0))
(84807100,(4.88887889E8,1.7086337E7))
(29372100,(3.7275129E7,34933.0))
(81089060,(6.478294E7,322927.0))
(3025200,(1.0095314E7,3041521.0))
(73181290,(8.6695207E7,1.9597537E7))
(85437002,(3.1864182E7,32311.0))
(23080090,(4.564779E7,1.09603804E8))
(29027000,(1801935.0,1391222.0))
(59019000,(2.625141E7,5508790.0))
(84818069,(8.712531E7,3177289.0))
(36010000,(1.29026369E8,4627398.0))
(20079939,(2.48843941E8,6.5932389E7))
(32061100,(4.67199452E8,1.4737448E8))
(84112280,(1803089.0,1106.0))
(20029049,(1.6298368E7,6896928.0))
(41064010,(42252.0,38.0))
(95071000,(5.0475619E7,1221302.0))
(33042000,(1.149576434E9,1.646029E7))
(96040000,(5363870.0,418811.0))
(39159080,(3.2665342E7,1.10837968E8))
(3036400,(896359.0,203272.0))
(27101993,(8823487.0,5135245.0))
(85016400,(2.82487175E8,2.9057232E7))
(15089090,(1.7596879E7,8671096.0))
(23021010,(1.285525E7,5.4693327E7))
(72109030,(4.1347978E7,1.4808226E7))
(23091059,(230471.0,92404.0))
(90178010,(5.1436469E7,3848232.0))
(85061011,(1.6104504E8,2.8474667E7))
(70134190,(4471521.0,241343.0))
(6042011,(262830.0,25772.0))
(32074085,(7.5567723E7,3.6009045E7))
(84759010,(7135272.0,157353.0))
(40022000,(2.2333671E8,1.12011179E8))
(33074900,(2.3858E8,4.0827345E7))
(2069091,(450831.0,159540.0))
(84522900,(1.5377151E7,461494.0))
(3036330,(100929.0,35056.0))
(73071110,(2.0218529E7,3026565.0))
(85152900,(2.2461886E7,708635.0))
(72071111,(1.37351772E8,2.01400545E8))
(10089000,(2.5507183E7,7.9929631E7))
(85015350,(6.7246599E7,2878026.0))
(48183000,(1.34975224E8,3.6632734E7))
(9081100,(1317440.0,91949.0))
(94033019,(6.4607627E7,1.2595714E7))
(52063400,(1034178.0,107869.0))
(40021930,(2.33087993E8,8.4244448E7))
(82016000,(2.7706398E7,2431719.0))
(28539030,(732243.0,64070.0))
(27079950,(22.0,2.0))
(90014049,(1.7902773E7,33961.0))
(29171200,(1.93983251E8,1.16216917E8))
(38111110,(7429.0,274.0))
(58013600,(1.8286855E7,771357.0))
(7119070,(1527585.0,594163.0))
(72029930,(4906717.0,1675292.0))
(90213990,(6.95030129E8,861090.0))
(55144300,(3422303.0,266128.0))
(63029390,(7.5863623E7,6011424.0))
(85183000,(9.290154E8,9523547.0))
(3045990,(5020021.0,1136093.0))
(63024000,(3510280.0,390823.0))
(9083200,(810274.0,46231.0))
(8081080,(5.46113337E8,4.95027724E8))
(69022010,(1.232074E7,6160278.0))
(3035910,(2636490.0,1577294.0))
(28271000,(5943352.0,4255911.0))
(2074180,(6887170.0,1086775.0))
(84834029,(1.92696703E8,8360102.0))
(73110030,(1.6900212E7,2651739.0))
(16021000,(7454320.0,1286474.0))
(84195020,(7.3886967E7,613782.0))
(3044800,(347032.0,46491.0))
(4051050,(1.1173731E7,2384264.0))
(3056910,(4614.0,619.0))
(31055900,(6.406581E7,1.13514407E8))
(61121200,(6.6292453E7,2552826.0))
(25151100,(1891121.0,3367707.0))
(84672210,(5.6982193E7,3176813.0))
(44129191,(324321.0,127326.0))
(73059000,(3252651.0,1310068.0))
(85451100,(2.15669698E8,4.3530588E7))
(3011900,(3044784.0,85355.0))
(62034235,(6.43421136E8,2.4399968E7))
(2101970,(1.4033824E7,2368936.0))
(64011000,(3.3451723E7,4287157.0))
(7095900,(7.409217E7,2.0770335E7))
(4069075,(1136347.0,114413.0))
(48114190,(6.27390828E8,2.29755693E8))
(26080000,(4.22040561E8,3.78434225E8))
(47073010,(3.8833077E7,2.56497068E8))
(5100000,(2.6069554E7,7317491.0))
(28261200,(8908674.0,5311779.0))
(37024300,(504602.0,13848.0))
(52092100,(1356157.0,150232.0))
(82041200,(2.6490596E7,1746871.0))
(90189084,(2.773671959E9,4.4161727E7))
(58012200,(1.2595199E7,641299.0))
(52082216,(2452419.0,160760.0))
(72042110,(3.24604114E8,2.10789699E8))
(29329400,(504.0,3.0))
(4063090,(3790286.0,674109.0))
(73079391,(2658100.0,254391.0))
(11041210,(1664729.0,2555807.0))
(49030000,(8.7980188E7,1.5838151E7))
(82078090,(8457786.0,277655.0))
(72082500,(2.70802548E8,3.19883421E8))
(70181090,(2845557.0,193491.0))
(84661038,(9.7556467E7,1296430.0))
(73181535,(5.557036E7,4678923.0))
(28469030,(1095513.0,19146.0))
(84672959,(6.2741454E7,3672880.0))
(6024000,(1.479847E7,3834844.0))
(2075531,(22089.0,22122.0))
(48204000,(6400008.0,854805.0))
(84089061,(2.67593016E8,1.7823102E7))
(81129940,(1037058.0,6946.0))
(73181542,(2.8862386E7,9258244.0))
(11042904,(386360.0,782572.0))
(10062092,(1568006.0,962996.0))
(3049630,(36.0,6.0))
(62114210,(1.8444872E7,1141685.0))
(51081090,(1351005.0,21459.0))
(85271900,(2.7388822E7,1002136.0))
(4069082,(1.85669795E8,2.697919E7))
(68022900,(2.1556124E7,5.265316E7))
(39201024,(3.41862795E8,1.72070632E8))
(85469090,(3.4783478E7,1285684.0))
(64069030,(1.9036872E7,803903.0))
(89071000,(5.3950855E7,1222954.0))
(51021940,(776240.0,52941.0))
(70010010,(4.5230468E7,4.38125453E8))
(2071310,(8.28113819E8,1.66009946E8))
(38246091,(6212.0,1450.0))
(85392930,(5.491221E7,1391853.0))
(1039219,(4.7291337E7,2.5696424E7))
(73262000,(2.8239168E8,9.2834142E7))
(95066100,(5.329613E7,5064115.0))
(2045053,(66235.0,8327.0))
(96110000,(2.3012079E7,767155.0))
(84329000,(6.39335526E8,8.1897885E7))
(72193590,(1.7142064E7,6239397.0))
(84089089,(3.5678006E7,2559429.0))
(84388010,(1.6787095E7,418191.0))
(15119099,(1.09207534E8,6.9484115E7))
(96131000,(2.46372976E8,1.8111442E7))
(40059100,(1.8354233E8,3.794471E7))
(72015090,(1.20708477E8,1.09689637E8))
(68053000,(1.99315999E8,2.2359002E7))
(62099090,(1.9311381E7,622756.0))
(51040000,(93516.0,38019.0))
(70182000,(7.789439E7,4.7453849E7))
(85042300,(1.70513596E8,1.35980861E8))
(84661031,(2.6670027E7,296896.0))
(52054300,(6335447.0,731720.0))
(57025039,(4696050.0,654172.0))
(95082200,(4810084.0,540121.0))
(84261100,(7.6389642E7,7656004.0))
(82159990,(1.5209878E7,795445.0))
(16024913,(6245246.0,891731.0))
(61124910,(1839347.0,26163.0))
(8039010,(8.10184236E8,8.75886718E8))
(64029998,(3.62139214E8,2.2829925E7))
(22042144,(1.0494108E8,1.4143635E7))
(85393980,(8238658.0,48258.0))
(86069200,(83988.0,88540.0))
(90321020,(2.71164721E8,3685430.0))
(20081913,(4.0098095E7,5229026.0))
(83024200,(2.87021891E8,4.5457283E7))
(20082039,(567240.0,214932.0))
(84769090,(3.8096318E7,869754.0))
(38249955,(2.7270124E7,5630517.0))
(2074481,(592087.0,51021.0))
(52114990,(2.208216E7,990298.0))
(84129080,(5.38959973E8,6.112702E7))
(85171800,(7.72747621E8,3089821.0))
(73142090,(1.05744337E8,1.13017043E8))
(90065310,(4332145.0,80904.0))
(23091031,(1.09735798E9,4.65405805E8))
(85169000,(3.78907981E8,4.1983371E7))
(94042910,(1.27495712E8,2.8354039E7))
(61044200,(2.03547979E8,5974843.0))
(84287000,(1.45691737E8,3510059.0))
(39219049,(1.0015466E7,2680883.0))
(14012000,(1987766.0,191336.0))
(84314300,(2.45217819E8,1.1356252E7))
(95064000,(4.9424475E7,9035006.0))
(73063018,(7.1107903E7,4.2063942E7))
(84401030,(5093125.0,260963.0))
(48059100,(1.64450926E8,1.27206299E8))
(97052900,(7552433.0,248643.0))
