(64039111,(1.40132241E8,3135018.0))
(29053928,(1.0449924E7,4786722.0))
(3069530,(301290.0,25205.0))
(95061129,(1.86228712E8,4794624.0))
(84614011,(6931694.0,545126.0))
(69041000,(3.5631877E7,1.4596743E8))
(33012942,(4.9755503E7,48691.0))
(84172010,(1780357.0,124331.0))
(16041299,(722229.0,129939.0))
(68042100,(9.1529855E7,2960603.0))
(73121089,(2.4399677E7,4522545.0))
(11081200,(2.1527115E8,2.40573466E8))
(89079000,(7.2930391E7,4551344.0))
(28020000,(1665404.0,1324310.0))
(3034985,(793951.0,210783.0))
(65020000,(537109.0,8680.0))
(40030000,(5145326.0,4394674.0))
(29031500,(1.3335143E7,4.1796766E7))
(34011100,(1.78568866E8,5.4275395E7))
(41139000,(1.681702E7,76885.0))
(25087000,(2.0826784E7,5.3399657E7))
(62114342,(3723322.0,35099.0))
(55134100,(1633122.0,198271.0))
(24013000,(3.4180081E7,4.5039536E7))
(30051000,(4.03809485E8,1.611558E7))
(72085390,(9.3355708E7,1.0485937E8))
(62033919,(1.1803612E7,104142.0))
(87033211,(1.351119803E9,7.5850943E7))
(69139098,(2.9495758E7,6577774.0))
(22042108,(3420256.0,5693375.0))
(73121061,(3.9396913E7,3.5494852E7))
(73209030,(5028966.0,432370.0))
(57025031,(1574206.0,238462.0))
(85269120,(5.78562955E8,2409421.0))
(29121100,(9723933.0,2.2674905E7))
(81039100,(13274.0,33.0))
(3023190,(7953944.0,1214682.0))
(52102900,(1433832.0,132460.0))
(44039100,(1.62156094E8,4.96881179E8))
(11032060,(1228998.0,4733486.0))
(16023211,(1.02036645E8,1.9034847E7))
(84596910,(1030893.0,127402.0))
(89033290,(8.9038273E7,1964907.0))
(84672951,(7.149652E7,5091339.0))
(70109010,(1.2164933E7,9753423.0))
(87112010,(1.52283984E8,9523627.0))
(7115100,(753799.0,275078.0))
(63039210,(6292001.0,469889.0))
(15220031,(98865.0,945540.0))
(33011290,(1.2897045E7,1242359.0))
(29037800,(9577205.0,226163.0))
(44072791,(48450.0,31106.0))
(85423211,(2.954536E7,20374.0))
(8112019,(926363.0,254185.0))
(27012000,(6316061.0,1.2571225E7))
(54079200,(1.0639334E7,488385.0))
(84283100,(506345.0,20060.0))
(76041010,(1.2491311E7,1309974.0))
(4101099,(143561.0,3723.0))
(85167970,(7.48665074E8,4.8751987E7))
(86090010,(1.0269115E7,1567167.0))
(90141000,(3.1410528E7,83247.0))
(62129000,(6.7561548E7,1815815.0))
(84799070,(1.09603466E9,2.9772192E7))
(86031000,(209348.0,21657.0))
(87149950,(2.2917843E7,402473.0))
(76101000,(3.53505188E8,4.2004005E7))
(52053200,(2194695.0,485440.0))
(62034990,(6.1199426E7,1287566.0))
(41079290,(337199.0,7388.0))
(63041100,(1366599.0,200335.0))
(2022050,(434228.0,62408.0))
(39219090,(5.50877326E8,1.18143908E8))
(44039800,(2060085.0,2.843636E7))
(4032051,(1343847.0,434299.0))
(1051111,(1.2355927E7,684721.0))
(29173985,(7.3319032E7,4.1867687E7))
(82076010,(1504901.0,12156.0))
(60063100,(2.9293217E7,5489923.0))
(85043300,(9.9035623E7,8945043.0))
(20098936,(1923769.0,779759.0))
(34012010,(2.8267305E7,1.894589E7))
(22085011,(1.22623626E8,1.8338872E7))
(28499010,(621956.0,23900.0))
(4041032,(100502.0,49782.0))
(41022100,(5686871.0,809292.0))
(3055985,(3350233.0,577121.0))
(72042900,(3.0774792E8,8.37543111E8))
(72149979,(6.6348124E7,6.5749998E7))
(68091100,(1.78346105E8,5.35643907E8))
(10083000,(1816531.0,2105711.0))
(15220010,(744219.0,1125817.0))
(29213010,(2662350.0,1014686.0))
(95030021,(1.69552633E8,7631372.0))
(29043400,(3255.0,20.0))
(1059910,(2567877.0,84986.0))
(61071100,(2.88881422E8,1.383782E7))
(44121000,(947293.0,502365.0))
(44011100,(3.227275E7,3.84408571E8))
(96190030,(2.520275E7,5995314.0))
(91051900,(595018.0,32454.0))
(3054200,(1.4609041E7,6228585.0))
(41079990,(561001.0,22737.0))
(31010000,(1.49099996E8,9.63314299E8))
(19021910,(4.87037029E8,3.54914684E8))
(48043958,(1007138.0,429910.0))
(85081100,(9.47948033E8,4.519865E7))
(7099910,(1.86881801E8,8.9276224E7))
(55051010,(8631385.0,3946890.0))
(29036911,(269591.0,27830.0))
(82129000,(2069104.0,51854.0))
(16041950,(21649.0,2850.0))
(27101915,(75513.0,14927.0))
(29154000,(1.8680619E7,1.4303289E7))
(13021100,(1250731.0,9800.0))
(3019410,(2.1979429E7,1991082.0))
(85176930,(5.0089813E7,109313.0))
(3075200,(3.6048872E7,4576267.0))
(8119075,(1.6075144E7,9054219.0))
(73211200,(1663617.0,133264.0))
(57029210,(1.4576589E7,2789322.0))
(61169100,(1.079773E7,76482.0))
(29091910,(2.85774122E8,2.30030474E8))
(2074431,(412366.0,234340.0))
(2045059,(100086.0,16563.0))
(2101920,(30456.0,1547.0))
(6029046,(5077993.0,2387715.0))
(64035905,(3.0450537E7,94166.0))
(29181930,(1223771.0,70561.0))
(3024590,(621431.0,127825.0))
(29362600,(6.3124895E7,518695.0))
(22029991,(1.5903824E8,4.3439997E7))
(85258200,(2.0578844E7,73975.0))
(2075551,(2970.0,220.0))
(72139990,(6405214.0,8828521.0))
(7092000,(1.03283673E8,1.8028954E7))
(81123100,(1.6232525E7,13164.0))
(28401990,(2771158.0,2098839.0))
(4069032,(9.8787032E7,1.6328264E7))
(84431920,(4613992.0,123899.0))
(56039410,(3.5703616E7,5404203.0))
(10063099,(1012486.0,1482769.0))
(5051090,(3.7272596E7,5136268.0))
(84715000,(1.882766972E9,1.2226807E7))
(39181010,(4.27713302E8,1.6647345E8))
(18061090,(3456425.0,1013247.0))
(21031000,(6.3801269E7,2.3774459E7))
(22089078,(1.4063991E7,3681456.0))
(48103290,(64013.0,36365.0))
(3036980,(457042.0,81829.0))
(81122190,(1.68600974E8,1.4229963E7))
(29392000,(1838419.0,13143.0))
(85423239,(5.0424898E8,122024.0))
(85143190,(787074.0,91489.0))
(29321300,(609776.0,395509.0))
(16055600,(5911728.0,913019.0))
(90109080,(3477984.0,93486.0))
(42021910,(2.8885311E7,546697.0))
(73211900,(6.3383842E7,1.2388625E7))
(37050010,(219289.0,5993.0))
(3022910,(3.7933388E7,5245600.0))
(87088035,(2.20114988E8,2.6536423E7))
(38249996,(1.678277078E9,5.33187189E8))
(84806000,(3.2156709E7,3936748.0))
(4064090,(1.0762275E8,1.2333412E7))
(70196300,(6.2257617E7,5787710.0))
(33021090,(9.90098449E8,6.0311183E7))
(70189090,(4606805.0,571204.0))
(84264900,(4.9642103E7,6731964.0))
(92099100,(1410263.0,63432.0))
(39219055,(1.22724273E8,1.572293E7))
(51072059,(2582564.0,112933.0))
(20079931,(2.046891E7,4877776.0))
(4021019,(7.55722883E8,2.83187062E8))
(52112000,(354703.0,41693.0))
(97021000,(4912640.0,4801.0))
(28363000,(1.70833963E8,3.32259417E8))
(4049089,(2852324.0,874112.0))
(52083300,(2927807.0,103489.0))
(85412900,(1.97634155E8,747544.0))
(94031051,(7.9005266E7,1.3292996E7))
(7108051,(5.5925978E7,3.6803878E7))
(72259900,(7.75181286E8,5.81629632E8))
(55111000,(2.8255485E7,4297749.0))
(85414300,(1.646566925E9,3.85757471E8))
(27079991,(757538.0,949240.0))
(38260090,(3.5790722E7,2.6908076E7))
(48042110,(6.6800408E7,6.563222E7))
(90022000,(2.1136716E7,102305.0))
(79020000,(1.15277173E8,1.14470198E8))
(62043390,(3.55431412E8,8903512.0))
(84161090,(7084981.0,231421.0))
(64035191,(3390256.0,18758.0))
(30034200,(809458.0,6519.0))
(54023200,(5.3152432E7,1.1457348E7))
(82119200,(8.2134669E7,4752549.0))
(95044000,(2.25697452E8,1.1756223E7))
(3022980,(3.6426247E7,4391957.0))
(3056300,(2654316.0,576826.0))
(84671110,(2.3225954E7,268480.0))
(56039480,(1.2661928E7,2217853.0))
(84869000,(4.03369711E8,4250371.0))
(44182950,(5.6874937E7,2.4429353E7))
(13019000,(2.5285408E7,1927954.0))
(11029050,(3.0028841E7,3.3205696E7))
(3036910,(2007.0,22510.0))
(48142000,(1.34082621E8,2.1652649E7))
(3055390,(9625477.0,1607338.0))
(12099991,(3495726.0,493340.0))
(8072000,(1.1784689E7,4285209.0))
(90183210,(1.40038352E8,3640065.0))
(73181639,(1.40684291E8,3184642.0))
(9109190,(2.159043E7,4560253.0))
(62013010,(1.05059715E8,1781318.0))
(84022000,(6100910.0,907006.0))
(84614039,(1149488.0,190301.0))
(84735020,(6816967.0,153751.0))
(27101985,(1.40650704E8,1.09802658E8))
(61123110,(2865897.0,108652.0))
(84133020,(2.2379147E8,5073811.0))
(85437001,(3355753.0,26862.0))
(61062000,(1.35343404E8,4028318.0))
(29081900,(3206779.0,168072.0))
(18069070,(2.20831585E8,5.6814012E7))
(29221900,(1.9362729E8,4.8177226E7))
(84306900,(7.4262805E7,7321785.0))
(84626310,(3069031.0,206736.0))
(30025100,(1.0547383E8,14513.0))
(17049051,(3.503245E7,1.537145E7))
(33011920,(8.0192044E7,1256475.0))
(3033200,(32012.0,15760.0))
(29342020,(3244199.0,1125999.0))
(20089703,(3974.0,478.0))
(70132810,(5746882.0,205485.0))
(87089435,(7.61371831E8,6.0883914E7))
(21021039,(3.1501745E7,2.9621029E7))
(28352500,(2.6901613E7,5.0194481E7))
(44184000,(1.8846753E7,1.2734765E7))
(25292100,(4789955.0,6068121.0))
(44039590,(1501414.0,9550207.0))
(87046000,(1.445625347E9,8.3493709E7))
(9042200,(4.0601073E7,8580500.0))
(81990001,(3949657.0,43214.0))
(28274100,(5253093.0,980790.0))
(72092810,(321.0,1.0))
(73181499,(1.13084971E8,1.9480223E7))
(3074920,(5707285.0,723467.0))
(96132000,(5.5426582E7,3028522.0))
(20096990,(94474.0,128791.0))
(29242970,(2.84525369E8,1.6146104E7))
(2075593,(9055308.0,205035.0))
(84485190,(2260268.0,22682.0))
(7070090,(3963683.0,3778335.0))
(3048929,(2129789.0,570993.0))
(2075110,(52597.0,3594.0))
(92029030,(3.8568658E7,767114.0))
(28121500,(386369.0,193563.0))
(8011100,(1.9186473E7,9377718.0))
(29202300,(6945.0,174.0))
(70109045,(1.80060989E8,2.47261155E8))
(22089071,(3223052.0,593754.0))
(17019910,(1.612778495E9,1.920037231E9))
(38012010,(178752.0,41306.0))
(90112090,(2093516.0,10439.0))
(31023090,(3.9611585E7,1.12975231E8))
(1041010,(9116938.0,1503577.0))
(55092100,(5056416.0,1139868.0))
(3028510,(7633654.0,1114916.0))
(60062400,(1.0958726E7,517483.0))
(39173100,(1.82708926E8,2.0282371E7))
(84368010,(1.15402064E8,6996453.0))
(87038090,(6.7919173E7,5334731.0))
(52095200,(8159342.0,434604.0))
(78019910,(1458871.0,608184.0))
(62089100,(5.6989648E7,3546624.0))
(85359000,(3.94035776E8,2.6104338E7))
(28054090,(81008.0,965.0))
(90011010,(1.0420725E7,342140.0))
(19022099,(1.33462363E8,3.1573001E7))
(12130000,(8.5789796E7,6.63374395E8))
(62046239,(5.36378364E8,2.300338E7))
(20085069,(1.5098041E7,1.0716551E7))
(84481900,(6254972.0,853983.0))
(84831025,(1.02469437E8,3.5221105E7))
(85211020,(2462214.0,12870.0))
(28429080,(2.0713385E7,1.4738415E7))
(90309000,(2.56994162E8,846579.0))
(83063000,(2.4717065E7,4133368.0))
(20058000,(2.46109693E8,1.27724631E8))
(29171920,(1317013.0,298629.0))
(28429010,(1238773.0,55552.0))
(22042927,(5543488.0,2435596.0))
(2101990,(8875430.0,1132650.0))
(3024919,(4233.0,1165.0))
(28500060,(1930162.0,170988.0))
(6039000,(6.2665897E7,6048249.0))
(20029020,(4246049.0,3364926.0))
(39172190,(5.4356467E7,1.1220527E7))
(27111211,(9438069.0,1.5201882E7))
(70200010,(1.8312891E7,158774.0))
(20093959,(8926690.0,6755008.0))
(38180010,(1.225452339E9,2281688.0))
(87033190,(7.9797621E8,1.05182149E8))
(3082200,(500115.0,4152.0))
(2072730,(1.2024302E7,5487810.0))
(84079050,(772433.0,731236.0))
(44187500,(1.6070778E8,5.474926E7))
(90139005,(1.5418906E7,13069.0))
(84622600,(1.7228462E7,1034720.0))
(63014010,(3.9056032E7,6769047.0))
(27129019,(1912427.0,398673.0))
(39094000,(1.86536605E8,8.0373209E7))
(85423190,(3.410845325E9,1.2826013E7))
(87053000,(3.7614431E7,2077023.0))
(28342980,(1.89261E7,6.1175124E7))
(94031093,(1.0994153E7,2995111.0))
(9024000,(2.2320458E7,2620524.0))
(85444995,(1.307556019E9,1.68839117E8))
(83021000,(2.17508219E8,2.0908844E7))
(84543010,(5439360.0,1010764.0))
(39209990,(1.27872269E8,2.0363529E7))
(37029710,(3383.0,69.0))
(65069910,(1012329.0,14487.0))
(7052100,(2.2349689E7,1.0434318E7))
(22042997,(4322586.0,1900859.0))
(1022929,(790706.0,192431.0))
(17029010,(5530486.0,1135391.0))
(30069200,(283656.0,485946.0))
(29126000,(1976428.0,2067058.0))
(29161910,(6249000.0,1429687.0))
(2109291,(1576.0,64.0))
(9096100,(7367138.0,1144021.0))
(87011000,(2.1791608E7,4625322.0))
(70181019,(5533224.0,280584.0))
(87043291,(6.967554E7,7893518.0))
(54024600,(4890289.0,1315696.0))
(85192099,(430124.0,3941.0))
(37025300,(48333.0,609.0))
(91082000,(2.1860845E7,13451.0))
(19024010,(7.653636E7,5.6931436E7))
(3074395,(20586.0,6018.0))
(22084031,(9.9320975E7,1.1859102E7))
(33012949,(4.92198703E8,5934567.0))
(55062000,(6924445.0,1790028.0))
(38249961,(31172.0,3808.0))
(1051300,(1.2295622E7,391395.0))
(28332200,(1.4533228E7,7.156831E7))
(22083030,(5.23020373E8,2.1594754E7))
(73063080,(4.9951199E7,3.5902665E7))
(62044300,(7.15540424E8,1.5463401E7))
(22042171,(753833.0,208164.0))
(20089738,(24177.0,6437.0))
(3072190,(2120613.0,157266.0))
(73072390,(4.2252089E7,1993671.0))
(29396900,(88784.0,109.0))
(84231090,(4.5561953E7,5506903.0))
(60061000,(8984460.0,405436.0))
(29396200,(7927.0,16.0))
(73021010,(4957395.0,2028468.0))
(72112900,(8.6250289E7,4.6973413E7))
(47031100,(1.09093974E8,1.94487512E8))
(9061100,(3223566.0,433576.0))
(12099130,(9102094.0,592605.0))
(33012410,(1.1974429E7,277576.0))
(3069390,(177968.0,20810.0))
(19053130,(1.0416154E8,1.6780498E7))
(81061010,(886752.0,80444.0))
(47050000,(6065646.0,1.071831E7))
(29032900,(8330740.0,3040070.0))
(29042000,(2948236.0,169391.0))
(84289071,(9.8672957E7,1.55374E7))
(3082900,(220047.0,12671.0))
(90200010,(7.3370047E7,386653.0))
(8025100,(5.7884791E7,7438911.0))
(8107000,(3.9589052E7,2.7264077E7))
(23040000,(1.472488227E9,3.001336949E9))
(2031290,(8965544.0,3517623.0))
(15156051,(5082.0,135.0))
(16041446,(1391771.0,137166.0))
(87082190,(6.4705712E7,5553087.0))
(82072090,(2.3226194E7,1561160.0))
(91061000,(4.1949296E7,1036293.0))
(12129300,(234434.0,113250.0))
(87044299,(179292.0,126018.0))
(53029000,(2.4844815E7,4.8259816E7))
(25101000,(1.5367019E7,9.5560307E7))
(85362010,(9.14447223E8,2.9059944E7))
(29203000,(91593.0,26685.0))
(75072000,(8126528.0,116119.0))
(93070000,(1.418014E7,452579.0))
(3031100,(2.6621947E7,3084976.0))
(87032210,(1.4235656625E10,1.062969443E9))
(46021910,(4544635.0,80677.0))
(3024310,(9185931.0,3850930.0))
(84039010,(1.8207154E7,1298935.0))
(33043000,(2.05068319E8,1.00771E7))
(38248400,(905685.0,103894.0))
(26190095,(983122.0,1.2165127E7))
(84362900,(3.8605043E7,3899617.0))
(55161400,(2.5017192E7,1163764.0))
(84519000,(1.20178885E8,4863643.0))
(32041800,(2.48403853E8,6621931.0))
(73041100,(1.1356672E7,1037860.0))
(44123310,(8.334855E7,7.7802491E7))
(58071090,(2.4993835E7,698365.0))
(29359030,(557253.0,111411.0))
(29333200,(1762853.0,705938.0))
(10063029,(329779.0,245162.0))
(1061100,(4.7791178E7,14607.0))
(20094911,(255.0,182.0))
(29394100,(196002.0,2629.0))
(7099210,(5684169.0,1662648.0))
(28416900,(920370.0,203061.0))
(73102910,(1.98684994E8,4.2151531E7))
(72286080,(1.7373944E7,4322908.0))
(72259200,(7.03049189E8,6.27186777E8))
(82075030,(5.8819973E7,2917685.0))
(15153090,(5.6026223E7,3.317819E7))
(29181300,(1.425765E7,2438573.0))
(3074325,(246954.0,47232.0))
(20059960,(2645832.0,1816073.0))
(38159010,(414621.0,59575.0))
(20083039,(23247.0,5331.0))
(2074410,(7.2763347E7,6080880.0))
(90085000,(2918939.0,64381.0))
(29420000,(7.226255E7,4583493.0))
(27101929,(4.958258E7,3.6586763E7))
(16025010,(1.10001702E8,2.0657087E7))
(8051028,(1.59965993E8,1.63847199E8))
(54074300,(2816763.0,246024.0))
(19059045,(3.4338744E8,6.8946946E7))
(72283049,(1.2762296E7,1.0706713E7))
(55069000,(606748.0,19072.0))
(47071000,(2.64250623E8,2.504300566E9))
(22042143,(7.79307191E8,1.7828501E7))
(44111410,(1.28256789E8,2.47411293E8))
(73218900,(3.368912E8,4.9728643E7))
(84335390,(5155829.0,356702.0))
(41071219,(7.5115924E7,987626.0))
(50050010,(1124819.0,14654.0))
(4041004,(5926599.0,4914084.0))
(70200080,(1.49813517E8,3.8782248E7))
(84209180,(1.1038348E7,833395.0))
(85272900,(2.2736145E7,152892.0))
(44182110,(7257016.0,1539257.0))
(38089990,(1.96607445E8,3.841353E7))
(84331190,(3.3938034E7,4872505.0))
(28272000,(3.1552589E7,5.6534773E7))
(29309050,(2483840.0,212956.0))
(87060091,(3581767.0,206244.0))
(38089220,(9.7468939E7,4.5118744E7))
(2109921,(683544.0,80640.0))
(55121990,(2.4758361E7,3595810.0))
(44069200,(1.8228883E7,2.3325709E7))
(29231000,(7903519.0,4654454.0))
(21069059,(2.81684607E8,1.0726785E8))
(16024919,(8.0765149E7,9967407.0))
(85011093,(4.1374792E7,1899165.0))
(28259085,(1.5686697E7,941931.0))
(62034290,(2.50654855E8,1.0234205E7))
(26209100,(411879.0,120000.0))
(91021100,(7.66711795E8,1339973.0))
(62069010,(5.0405594E7,954624.0))
(33071000,(9.4939372E7,1.0962903E7))
(3025500,(454876.0,70380.0))
(13021905,(2.6447663E7,202017.0))
(85364110,(4.7637945E7,251060.0))
(25030090,(8843164.0,1.5866912E7))
(30059099,(1.30548658E8,7638400.0))
(72045000,(9357703.0,3.0784301E7))
(19052010,(1.2928318E7,3353297.0))
(23099059,(225941.0,1230090.0))
(82122000,(7.5219741E7,1293372.0))
(85219000,(1.26625215E8,1747716.0))
(55094200,(6873157.0,239586.0))
(29214200,(2728648.0,229933.0))
(87044131,(14167.0,2990.0))
(44012290,(4.0924176E7,2.85518842E8))
(29072100,(3519935.0,507583.0))
(44079791,(27327.0,14008.0))
(29054411,(3.8972772E7,3.2542996E7))
(61043100,(3.7058606E7,208120.0))
(16025031,(2.7595145E7,3889990.0))
(84642011,(5.9995105E7,432482.0))
(55031900,(2.3113561E7,4882809.0))
(74061000,(4.7562891E7,5088865.0))
(4069074,(1.37028801E8,2.1674191E7))
(84818040,(7.0403289E7,3817912.0))
(53050000,(5871017.0,8683960.0))
(73181660,(8.5631805E7,9619994.0))
(84414000,(1.5746104E7,1006214.0))
(2045031,(174365.0,35329.0))
(84295210,(1.711116482E9,2.04499657E8))
(62034339,(2956713.0,54878.0))
(70072120,(3.20514364E8,5.6380932E7))
(62113390,(8.7523506E7,3275186.0))
(3055110,(268763.0,27653.0))
(55141100,(1309880.0,177013.0))
(84249080,(4.15651044E8,2.8023814E7))
(20089934,(79115.0,7735.0))
(63109000,(6885809.0,1.0406062E7))
(89032100,(6116196.0,176599.0))
(84862000,(1.483726821E9,3239000.0))
(20019010,(1241101.0,494468.0))
(20079910,(2484810.0,1057216.0))
(59069910,(5816769.0,374863.0))
(38111900,(2601526.0,397398.0))
(54072011,(2.1595251E7,5548905.0))
(52093100,(1.273179E7,829052.0))
(48026115,(1.89473257E8,2.05654E8))
(55034000,(2.6740643E7,1.3376387E7))
(48043951,(4.0311823E7,2.4234162E7))
(32011000,(4356403.0,1963252.0))
(22042283,(1.1376637E7,1.1792933E7))
(92071030,(7.6953708E7,3526553.0))
(46019390,(253027.0,11664.0))
(44188900,(1.0839008E7,4464994.0))
(82121090,(4.0438719E7,1978680.0))
(23033000,(1.04285981E8,4.03777946E8))
(20089948,(4.4823169E7,2.3917538E7))
(28111980,(1.0563923E7,4723574.0))
(95062900,(2.38834135E8,1.1551858E7))
(85059029,(8.9966548E7,2049192.0))
(48205000,(3.7804993E7,5807902.0))
(20087092,(1.3576154E7,1.0668817E7))
(96020000,(6.8408811E7,7536563.0))
(63039910,(127533.0,9092.0))
(73062100,(1325217.0,34018.0))
(85334010,(1.04512092E8,600023.0))
(58019010,(1117012.0,18785.0))
(87039000,(5.56239296E8,4.9449091E7))
(3021300,(1.3286912E7,1542141.0))
(42029211,(3.62798431E8,6068057.0))
(26209940,(777947.0,29959.0))
(15155099,(1.0705964E7,1538934.0))
(62032911,(3653449.0,205197.0))
(62121090,(6.47776249E8,1.2460152E7))
(26122090,(6644.0,14.0))
(39219041,(2.5072511E8,5.3583763E7))
(51062091,(363665.0,24649.0))
(44072630,(725.0,201.0))
(26060000,(4.2233323E7,2.67224422E8))
(62041990,(4023046.0,55046.0))
(84839089,(6.38015589E8,4.686024E7))
(7141000,(1.7284616E7,1.2391715E7))
(55101200,(1.2840866E7,550961.0))
(28111910,(1.3745708E7,8571964.0))
(28121990,(1599805.0,15770.0))
(94032080,(1.329823667E9,2.84253373E8))
(72283070,(2.8973133E7,2.2693247E7))
(27082000,(2031015.0,2452153.0))
(85423911,(8.5745852E7,99208.0))
(4039093,(9.0918586E7,5.4530328E7))
(10063092,(2.8776829E7,2.0393849E7))
(38256100,(1421609.0,9264279.0))
(44124199,(2299130.0,1559522.0))
(44125900,(3.7982271E7,1.9158892E7))
(61023010,(4.0449781E7,2186605.0))
(28100010,(474857.0,148976.0))
(84811005,(2.5699858E7,447969.0))
(23099031,(2.0224717E8,1.38762904E8))
(87150090,(9141686.0,467113.0))
(3049923,(1090762.0,644938.0))
(44071300,(1.892081E7,5.1163427E7))
(62082100,(2.6656401E7,1078881.0))
(56075019,(6390652.0,743678.0))
(82052000,(2.578522E7,2935995.0))
(3075900,(4377799.0,394162.0))
(3078700,(289.0,4.0))
(68101110,(2357889.0,7533481.0))
(87091990,(2.073562E7,2162098.0))
(85059050,(1482068.0,63646.0))
(2071470,(1.4960439E7,6472711.0))
(96121010,(2.2003243E8,1.5514981E7))
(8044000,(7.42824018E8,2.58035777E8))
(44013200,(3149613.0,8577263.0))
(29413000,(2.1263508E7,238441.0))
(28062000,(4055956.0,6771009.0))
(44170000,(3.2703864E7,1.7825201E7))
(59111000,(2.0978085E7,3214503.0))
(84073380,(1.93719532E8,1.3092242E7))
(23080019,(740.0,84.0))
(3049965,(89216.0,11754.0))
(44032590,(3262186.0,2.8888391E7))
(90251180,(1.2027346E7,673481.0))
(84561210,(135494.0,16728.0))
(87044110,(12500.0,11204.0))
(48149070,(2.2278032E7,1589576.0))
(59113219,(1.8129405E7,378599.0))
(84379000,(2.3711782E7,1122792.0))
(84858010,(1274320.0,21882.0))
(4081989,(565911.0,112154.0))
(84071000,(2.9589272E7,45290.0))
(39204390,(4.554989E7,1.4481591E7))
(94049090,(3.95032436E8,5.2126761E7))
(71081380,(3.76550042E8,17679.0))
(84029000,(6.0256264E7,4291302.0))
(17021100,(1.03671995E8,7.8767225E7))
(81019990,(1.9614293E7,98983.0))
(40114000,(1.84897955E8,1.6913204E7))
(28352990,(6.3152273E7,2.6624567E7))
(25010091,(7.6371744E7,1.92908265E8))
(2071330,(7.0511069E7,3.3983374E7))
(93069090,(1.4532084E7,1247571.0))
(71081100,(3.5431738E7,2201.0))
(85114000,(3.04252586E8,1.52507E7))
(2074599,(2563241.0,892667.0))
(39069010,(1673399.0,646801.0))
(41015030,(1.27968518E8,1.01357752E8))
(84701000,(5.9530488E7,1060712.0))
(15111090,(2.1524433E7,1.7070341E7))
(72122000,(3.0049862E7,1.5511356E7))
(4069025,(122081.0,13058.0))
(13012000,(3.46509003E8,1.16737032E8))
(44013900,(3.5767316E7,5.59445544E8))
(28153000,(2843375.0,75235.0))
(87012190,(4.15546819E8,1.36959243E8))
(95067030,(4.3987376E7,3895740.0))
(94029000,(2.99043519E8,1.9654621E7))
(24049190,(2.5525878E7,250873.0))
(94043000,(7.5439925E7,5285670.0))
(62101098,(1.07058766E8,1.1452255E7))
(90212190,(2.4403029E7,145917.0))
(2044100,(423996.0,85781.0))
(3045100,(227216.0,24893.0))
(35079090,(7.13277008E8,6.0140137E7))
(27101971,(1097315.0,315182.0))
(49111010,(1.94980647E8,1.18512279E8))
(84834021,(3.06636024E8,4157339.0))
(20093931,(7043617.0,2625280.0))
(76012030,(7.6256463E8,2.63334272E8))
(27102090,(6757110.0,1324494.0))
(35011050,(1.9533473E7,2156479.0))
(4061080,(1.82490156E8,4.2840606E7))
(90213100,(1.240818734E9,2351348.0))
(35051090,(8.9093769E7,4.3726757E7))
(72143000,(4.3484876E7,4.1237E7))
(23031019,(2.7231421E7,1.35155178E8))
(20081198,(2.110625E7,6358894.0))
(84463000,(1.0694343E7,909191.0))
(85166010,(9.4748788E7,1.5224639E7))
(52121590,(1245947.0,60539.0))
(16029091,(9526601.0,925591.0))
(10061090,(19332.0,6151.0))
(44034200,(128656.0,3394.0))
(88071000,(2.31341305E8,318390.0))
(12079110,(472542.0,172708.0))
(52081900,(5297543.0,636474.0))
(20098131,(1.0016314E7,4810049.0))
(25262000,(1.1965966E8,3.00970811E8))
(34029090,(3.54180364E8,1.76484427E8))
(43022000,(42229.0,719.0))
(84792000,(4052191.0,131512.0))
(72269910,(1.3869451E7,9316715.0))
(11042917,(3972498.0,3300994.0))
(32041100,(7695325.0,577953.0))
(52051590,(25.0,1.0))
(23012000,(9.0250774E7,4.3849126E7))
(38121000,(3.215464E7,8889902.0))
(61159699,(2.2315085E8,1.1418674E7))
(29053200,(1.70123156E8,1.2437986E8))
(95030035,(4.2971031E8,1.7285932E7))
(3025990,(8905885.0,1443424.0))
(84431500,(1406627.0,225555.0))
(72101280,(7.5669937E7,4.8623422E7))
(84431332,(2745557.0,66567.0))
(62033100,(1.77186631E8,906851.0))
(54021100,(5.7084255E7,2512366.0))
(39241000,(5.97522553E8,9.7176157E7))
(28454000,(1.5674871E7,11210.0))
(48052400,(4.84365895E8,1.057967301E9))
(20081912,(1.0910626E7,2163204.0))
(55162100,(2061188.0,217827.0))
(5010000,(476515.0,555.0))
(87149110,(9.6742493E7,2342530.0))
(84138200,(3842882.0,267880.0))
(84651090,(5.8077502E7,2007716.0))
(39233090,(2.11066643E8,4.8090226E7))
(85446010,(2.56157728E8,2.4362969E7))
(68152000,(1709402.0,434199.0))
(20051000,(1.4921364E7,4488539.0))
(11062090,(3469363.0,2161420.0))
(2076041,(487576.0,970078.0))
(4069081,(1.2302155E7,1663137.0))
(59119099,(1.22400952E8,5724547.0))
(18062070,(9.3017929E7,2.8907949E7))
(44125200,(6586823.0,2011629.0))
(29034930,(5892764.0,238587.0))
(62122000,(1.0841808E7,275356.0))
(72251990,(4.9245648E7,2.9782241E7))
(23061000,(36098.0,103912.0))
(55041000,(2.4313412E7,1.0210915E7))
(28258000,(9.7586067E7,9494958.0))
(1022999,(1.099585889E9,2.99370466E8))
(62046911,(3655428.0,66320.0))
(29214900,(7.1550019E7,7096450.0))
(11032025,(5466.0,5630.0))
(2031913,(2.0120902E8,6.8238299E7))
(84101100,(3134198.0,171362.0))
(85443000,(2.615424861E9,9.8364827E7))
(90281000,(6.3700345E7,1583346.0))
(29212100,(8956811.0,2570229.0))
(55131300,(126308.0,18793.0))
(4022111,(1.4778117E7,2952153.0))
(63011000,(4981741.0,317869.0))
(73181562,(2.1787763E7,2694398.0))
(61101130,(2.62876739E8,2307451.0))
(54011090,(7674141.0,414931.0))
(84151010,(9.1084883E7,7243556.0))
(84068200,(1.8064259E7,224840.0))
(57039080,(1.7089513E7,2667973.0))
(85015230,(1.2845336E8,2.1035491E7))
(70060010,(1414705.0,58513.0))
(84369900,(9.3733664E7,7603319.0))
(85151100,(1.1682364E7,287167.0))
(84322930,(1.13618941E8,1.241864E7))
(87088091,(1.07360098E8,1.9021772E7))
(73045181,(4.6015481E7,1.9094069E7))
(41062210,(3590352.0,185949.0))
(90014020,(1565544.0,8260.0))
(7119090,(744754.0,307038.0))
(22087090,(7124733.0,1640815.0))
(29336980,(1.85261567E8,3.1589739E7))
(84615019,(2.2522093E7,1684414.0))
(70134910,(1.76436436E8,8.3849467E7))
(29211400,(60058.0,753.0))
(84081059,(2.7769447E7,1452098.0))
(84672230,(5.1743341E7,3321636.0))
(28321000,(1.639163E7,4.6772273E7))
(85286200,(2.10168001E8,1962384.0))
(72165099,(9809624.0,9373220.0))
(55151110,(188902.0,9336.0))
(6021010,(1.0343276E7,881646.0))
(84073100,(6424120.0,270882.0))
(7049090,(3.8384371E7,2.8987014E7))
(3036700,(221882.0,91583.0))
(2109949,(311872.0,46129.0))
(84131900,(8.6693969E7,1794084.0))
(22042227,(1648411.0,692920.0))
(52082299,(3356020.0,650087.0))
(40081100,(1.0313732E8,1.3793138E7))
(49059000,(1.6553101E7,2328852.0))
(84122989,(4.7084486E7,1214727.0))
(85279200,(1.441099E7,497067.0))
(3034110,(3678035.0,1246439.0))
(70071980,(7.3529595E7,2.7407952E7))
(25309040,(4.2088186E7,8446369.0))
(20089311,(91709.0,14803.0))
(20097991,(43166.0,22090.0))
(96072010,(4.641365E7,980680.0))
(15152110,(2903675.0,3424335.0))
(11031990,(3475576.0,2460915.0))
(3032500,(95899.0,34176.0))
(52021000,(846144.0,619679.0))
(72121090,(8806209.0,3903197.0))
(3033130,(11432.0,1886.0))
(3072295,(2.8650569E7,2301204.0))
(54025300,(383213.0,101602.0))
(2063000,(1.02141624E8,1.05364586E8))
(95079000,(9.922246E7,4146586.0))
(15131999,(3.1307349E7,1.726704E7))
(48064090,(2.24739631E8,1.31118293E8))
(85279900,(8074707.0,182530.0))
(9052000,(2.0899857E7,290939.0))
(73044985,(3.9915094E7,3641669.0))
(28469050,(1.165013E7,123793.0))
(84238125,(6221556.0,98213.0))
(84553090,(4.2134164E7,7655212.0))
(48051910,(3.75075146E8,9.011802E8))
(44079399,(1318216.0,2535593.0))
(38089311,(7.5001908E7,1.216012E7))
(27075000,(2.29214185E8,2.79082823E8))
(9012100,(3.323468697E9,2.1338477E8))
(39202080,(1.6626431E8,6.9792286E7))
(83112000,(5.2501158E7,1.0007056E7))
(72024910,(6310320.0,1309531.0))
(55082090,(218401.0,64835.0))
(22042178,(5.45681591E8,7.4162343E7))
(90031100,(3.29393237E8,1254327.0))
(22042290,(432757.0,8111.0))
(3023519,(4567913.0,303577.0))
(85331000,(1.9689799E7,1233859.0))
(2071491,(9537263.0,9619632.0))
(62031910,(7839490.0,166951.0))
(68151300,(2.47301216E8,3627983.0))
(96083000,(4.5439447E7,400933.0))
(28251000,(4.2770268E7,9271584.0))
(84248940,(8709282.0,212124.0))
(72209080,(2.6442653E7,2538769.0))
(85392992,(1163275.0,61457.0))
(51061090,(1870978.0,73051.0))
(85086000,(2.9754592E7,1627963.0))
(73110099,(4.4901209E7,7167126.0))
(72155019,(3.2396375E7,2.6310014E7))
(84613010,(867514.0,24923.0))
(73181520,(4.9616421E7,8738735.0))
(69120023,(1.07925794E8,3.4865017E7))
(74072900,(1.5337615E8,6789184.0))
(52051100,(5670970.0,1283670.0))
(40169300,(1.069171192E9,4.4115592E7))
(29314300,(258268.0,29646.0))
(90015049,(1.81357742E8,343534.0))
(83119000,(6.3518702E7,4947215.0))
(85013200,(1.16457129E8,4346976.0))
(9082100,(344522.0,135666.0))
(3049510,(5031614.0,1774171.0))
(84771000,(1.63952122E8,1.2497447E7))
(85022020,(2.8335272E7,4705597.0))
(85366910,(9.3303829E7,705035.0))
(3063510,(1.2428005E7,1634451.0))
(28261990,(4523465.0,242145.0))
(85021320,(6.7650524E7,6423977.0))
(29332990,(3.37070631E8,2.7055012E7))
(20084019,(137.0,1.0))
(7095500,(1332.0,126.0))
(13023900,(1.52102953E8,1.0103659E7))
(29061390,(3760068.0,172161.0))
(70139110,(6.4089561E7,441338.0))
(88079029,(6.885175E7,46210.0))
(23080040,(1.2268863E7,9104037.0))
(84798300,(2.7283292E7,223493.0))
(84198120,(1.0636414E8,2942582.0))
(20098950,(545883.0,488845.0))
(10041000,(6449561.0,9436879.0))
(85149070,(1.00985877E8,3185048.0))
(61045200,(2.2995739E7,528800.0))
(53071000,(492377.0,257268.0))
(41041959,(2.1282723E7,2827971.0))
(84302000,(1.1818522E7,972170.0))
(23032090,(1.1174053E7,3.7556231E7))
(8013200,(1.25249756E8,1.9784451E7))
(28047090,(2390982.0,396696.0))
(29037100,(4.4739743E7,1.3712043E7))
(87029011,(1.03778524E8,5694929.0))
(85030091,(2.4834999E8,2.2980076E7))
(50072039,(1168183.0,5007.0))
(2042210,(4.3968896E7,5914696.0))
(2021000,(567623.0,70987.0))
(16041992,(2.6040286E7,4070995.0))
(40103500,(6.3584069E7,1234577.0))
(62052000,(7.03627499E8,1.3748287E7))
(44219910,(6.8826867E7,2.7517435E7))
(55162310,(3757203.0,459297.0))
(29153300,(1.6690288E7,1.1162408E7))
(51052900,(2012513.0,840832.0))
(95082500,(471599.0,9280.0))
(69111000,(3.41860309E8,5.2200996E7))
(52054600,(117510.0,7321.0))
(73141200,(6356246.0,486243.0))
(90261029,(1.58120952E8,1387384.0))
(91089000,(3645031.0,1319.0))
(84393000,(1.1186799E7,667319.0))
(61045900,(3.6309797E7,748183.0))
(2074130,(508036.0,102865.0))
(62034311,(1.3123134E8,4906296.0))
(22042122,(4232756.0,1467068.0))
(67041100,(1.0438756E7,381469.0))
(70133391,(1.0486078E7,442565.0))
(20029041,(1.4255716E7,7185766.0))
(54077100,(9007547.0,1060488.0))
(34039100,(2.0943511E7,5989880.0))
(3023610,(12536.0,763.0))
(62143000,(5.5056168E7,3847722.0))
(91101110,(424787.0,79.0))
(71081310,(5.67235001E8,24201.0))
(8052190,(2.95928836E8,1.89458118E8))
(29314930,(8756937.0,5196411.0))
(3053990,(2501988.0,479777.0))
(82159100,(2.6358655E7,402075.0))
(61012090,(8.2352585E7,1745921.0))
(96139000,(2.9964212E7,2635253.0))
(50072011,(4398459.0,41883.0))
(17049030,(1.55340015E8,2.7174585E7))
(8061010,(2.78763082E8,1.33168002E8))
(20097998,(1.0065183E7,1.7340868E7))
(85480030,(1249684.0,22533.0))
(55164200,(3566438.0,256985.0))
(44149000,(6.7305071E7,1.9584886E7))
(95030070,(6.02211085E8,5.5018181E7))
(38123100,(5775086.0,1869414.0))
(90014041,(1.9399209E7,100532.0))
(8103010,(1564123.0,789556.0))
(4022118,(3.23243734E8,7.7745161E7))
(62032918,(1665170.0,131594.0))
(84201081,(2883208.0,76702.0))
(32064970,(3.06138902E8,6.2492839E7))
(55169100,(817874.0,53543.0))
(87045139,(30000.0,2768.0))
(90148000,(2.79421768E8,467569.0))
(72169180,(2.4024026E7,9849721.0))
(73102119,(6.3174109E7,1.1716494E7))
(7134000,(6.070567E7,5.0350352E7))
(82031000,(1.2461553E7,670220.0))
(20086070,(378493.0,254781.0))
(28181091,(2.4570832E7,1.8503952E7))
(92079010,(4.356808E7,789159.0))
(84304100,(1.6411503E8,1.5373216E7))
(84623300,(6679347.0,977814.0))
(4032093,(5.2948889E7,2.3690873E7))
(44141090,(3085278.0,364881.0))
(5059000,(2662143.0,6897972.0))
(61033300,(2.7771936E7,994336.0))
(81125900,(339.0,2.0))
(30059050,(1.93978636E8,1.5519058E7))
(84669220,(1.3963391E7,1393623.0))
(84081031,(2365705.0,76159.0))
(22086019,(1.0632502E7,2436836.0))
(3035510,(3431431.0,1691099.0))
(81129281,(1750164.0,8660.0))
(85166080,(3.08656564E8,4.4030558E7))
(10062098,(6.4568758E7,5.3963035E7))
(84752100,(2928102.0,29378.0))
(28441050,(11959.0,20980.0))
(84148028,(5934494.0,330951.0))
(85171400,(2.37351222E8,685498.0))
(20089941,(2150391.0,536260.0))
(70169070,(1.4956379E7,9969238.0))
(27101943,(1.4493231605E10,1.80018947E10))
(73141900,(2.8847664E7,1.851885E7))
(84313900,(1.019909437E9,8.0856923E7))
(2044310,(2.6533031E7,3639995.0))
(20098159,(692217.0,230961.0))
(48201010,(1.1224521E7,2042296.0))
(85184000,(1.39531544E8,1886073.0))
(87163950,(9.2954439E7,1.551095E7))
(29301000,(642536.0,107091.0))
(20098999,(5.5208246E7,2.4439637E7))
(38221100,(2.6520717E7,326124.0))
(84137045,(7667265.0,214186.0))
(8121000,(1476663.0,1083412.0))
(50072060,(1834880.0,9018.0))
(15141190,(3.2029349E8,3.34725244E8))
(90106000,(1.5082822E7,755368.0))
(85051910,(2.8396954E7,4300790.0))
(43023099,(980301.0,8987.0))
(3048390,(4.1018799E7,6687143.0))
(44072210,(789104.0,125553.0))
(20021019,(9765974.0,7052002.0))
(84272019,(1.066065125E9,1.44402339E8))
(22059090,(500061.0,414124.0))
(11071099,(6.91113329E8,1.179499435E9))
(84134000,(1.5886041E7,1612071.0))
(11042959,(242297.0,204221.0))
(89032310,(3.3245849E7,504877.0))
(38099300,(3.3313431E7,1.0545919E7))
(2072660,(2994577.0,1487916.0))
(39059910,(1112926.0,72290.0))
(65050030,(3.15178646E8,6903268.0))
(4039051,(1.1288751E7,1.1212666E7))
(49019100,(9817387.0,1694321.0))
(62045910,(6.742109E7,1437339.0))
(26151000,(4.6762268E7,2.0099393E7))
(84294090,(1.325304E7,2473622.0))
(55099100,(141302.0,3528.0))
(85437050,(435633.0,12014.0))
(84089067,(6.65857856E8,5.5114253E7))
(54083400,(1.007641E7,137203.0))
(52082110,(3725778.0,471137.0))
(58013200,(1106014.0,105212.0))
(16053010,(1067739.0,256602.0))
(12081000,(6227649.0,9525994.0))
(73081000,(6.5055581E7,2.1786638E7))
(8111011,(2.6406417E7,1.3903041E7))
(48025590,(2.03574009E8,1.67382559E8))
(28353900,(4.5762128E7,1.78408E7))
(92099940,(2939965.0,52612.0))
(39201023,(4.83171E7,1.3264062E7))
(84335985,(1.27178475E8,9816398.0))
(84818061,(4.625412E7,7272419.0))
(4039079,(368911.0,69966.0))
(90071000,(1.0103746E7,21620.0))
(87019190,(6109898.0,1585301.0))
(94039990,(3.08600024E8,6.3094561E7))
(58023000,(813409.0,189298.0))
(20087071,(8166895.0,4696829.0))
(85121000,(4.3752734E7,4199850.0))
(29336910,(9461416.0,255345.0))
(29304010,(1.2724267E7,3659044.0))
(4072910,(8885446.0,4672272.0))
(1041080,(1.9723615E7,5900829.0))
(1063200,(504509.0,6424.0))
(84193500,(1.9264465E7,1187473.0))
(81129295,(5374300.0,75358.0))
(44034935,(5483209.0,7689997.0))
(15171010,(4395460.0,2364996.0))
(95043020,(2.9683948E7,992410.0))
(7129030,(1.1705725E7,2103246.0))
(2072590,(1558819.0,403455.0))
(13022010,(1.1494361E8,6681025.0))
(19059080,(1.304447213E9,3.69426336E8))
(59041000,(1.8496955E7,6123020.0))
(72254090,(2.2273326E7,1.2850546E7))
(28531000,(835881.0,59175.0))
(22083079,(5.3164731E7,2.1739586E7))
(15119091,(2.3851375E7,1.8624674E7))
(39119011,(1.6016441E7,1526070.0))
(30024190,(5.352553169E9,1.9249669E7))
(84451100,(6399475.0,293662.0))
(23091051,(7.01285674E8,3.84013892E8))
(4069039,(632265.0,94130.0))
(73011000,(3.550251E7,2.6369063E7))
(64039118,(3.08965447E8,5534803.0))
(48211090,(1.27569177E8,1.8821526E7))
(85429000,(1.63997386E8,2890558.0))
(38249100,(6.1774359E7,9201942.0))
(29151200,(1.2191651E7,1.5194769E7))
(63025910,(1.0355767E7,321159.0))
(30061010,(2.5248676E7,159006.0))
(72262000,(4053570.0,240307.0))
(85023980,(2.038441E7,775131.0))
(90066100,(5577023.0,53523.0))
(72279010,(8.5700894E7,8.479539E7))
(18020000,(7867235.0,1.614678E7))
(4069018,(2.6128464E7,1482892.0))
(44101190,(3.1935829E7,1.8630564E7))
(28461000,(4.7485876E7,9120480.0))
(73218200,(2.4614763E7,2324600.0))
(21022019,(1.13465144E8,6.7428968E7))
(68061000,(2.97731795E8,2.11127666E8))
(90222900,(7009797.0,47994.0))
(64039993,(4.57879291E8,1.0445751E7))
(16041390,(1600449.0,154212.0))
(29215950,(4551259.0,880088.0))
(12116000,(139523.0,15427.0))
(71142000,(1.7624523E7,195285.0))
(33012991,(3.8429253E7,495812.0))
(72044930,(9.0617078E7,2.63566965E8))
(11041930,(380984.0,606061.0))
(89012010,(9.29238585E8,2.25823E8))
(3099000,(840664.0,140465.0))
(3074290,(8787398.0,1558192.0))
(15131110,(1.6624571E7,1.4756556E7))
(11031920,(824800.0,1750897.0))
(17029080,(1965322.0,691904.0))
(20098971,(959968.0,228264.0))
(87029039,(4777388.0,1038300.0))
(3047200,(8869906.0,1169519.0))
(72179050,(4085349.0,1533822.0))
(84483300,(1.1986016E7,272274.0))
(84137059,(4.3799744E7,2576370.0))
(28048000,(3259714.0,39923.0))
(29039200,(253051.0,32767.0))
(17022010,(235148.0,44766.0))
(28230000,(7.8231008E7,1.7333917E7))
(20083011,(4432.0,233.0))
(2074571,(37023.0,3655.0))
(22089099,(3844655.0,3226567.0))
(51013000,(761306.0,145016.0))
(20082059,(6110665.0,4217798.0))
(84593900,(1649779.0,302973.0))
(48236990,(2.22187463E8,5.6843958E7))
(84778091,(1.3855132E7,621407.0))
(57025010,(1504018.0,119532.0))
(15030030,(113186.0,24756.0))
(50060090,(206055.0,5249.0))
(89039310,(5217970.0,491677.0))
(2071190,(1.23350191E8,3.5103523E7))
(72172050,(1.3238242E7,6862874.0))
(61019020,(7085382.0,76322.0))
(84749090,(2.87414921E8,2.9986215E7))
(54076190,(1.4274059E7,668737.0))
(73090051,(4.0966557E7,9250486.0))
(70109031,(1.2448444E7,4667951.0))
(84669360,(5.52505469E8,2.6908938E7))
(85234190,(2.066089E7,157342.0))
(70191400,(3.61867E7,1.3263722E7))
(93032095,(2.108069E7,125669.0))
(73239900,(2.20633416E8,4.3405993E7))
(37069099,(72844.0,3839.0))
(85291065,(1.4688115E7,321823.0))
(84652000,(6.4450068E7,2838284.0))
(9109939,(1001178.0,154483.0))
(3024100,(843069.0,611086.0))
(70071910,(4.1465981E7,9901640.0))
(8119019,(1.996704E7,9549740.0))
(41041910,(1469698.0,569290.0))
(51072010,(244580.0,11892.0))
(90029000,(8.9728026E7,239377.0))
(25241000,(11568.0,100800.0))
(28433000,(2.22734733E8,13876.0))
(25161200,(1.0263907E7,1.8013232E7))
(38151100,(1.92893153E8,1.2667291E7))
(19059010,(1.853062E7,5813253.0))
(56072100,(7435183.0,3057058.0))
(87032490,(3.25968117E8,9350677.0))
(3063650,(638604.0,35857.0))
(94031058,(4.9350357E7,7396503.0))
(84988000,(1.00659307E8,694389.0))
(8021110,(475922.0,99962.0))
(19053291,(4815504.0,794351.0))
(62113341,(1652082.0,41880.0))
(81041900,(1.4431003E7,4512470.0))
(82078019,(6795242.0,53515.0))
(62046939,(3602383.0,93074.0))
(3048600,(2215026.0,1067997.0))
(89019010,(1.35473758E8,6.5507469E7))
(97053900,(2.1946234E7,807890.0))
(28439090,(1.78940453E8,80664.0))
(84798930,(787996.0,14723.0))
(84813091,(7.8416998E7,3483938.0))
(85021180,(9.4757591E7,8570227.0))
(41044990,(977281.0,21156.0))
(7112090,(349827.0,66559.0))
(84089081,(6.8037758E7,3831424.0))
(40025100,(7083804.0,2953557.0))
(87042199,(2.17232245E8,5.1407284E7))
(89040010,(3794995.0,156976.0))
(46012110,(1021056.0,230901.0))
(27101999,(1.413944651E9,1.122949972E9))
(39073000,(3.03884587E8,5.3443073E7))
(85369010,(1.274534733E9,3.4427366E7))
(4089920,(409860.0,2677415.0))
(20099041,(575697.0,165770.0))
(27111330,(25607.0,4899.0))
(20099097,(4618295.0,3668529.0))
(12011000,(1.0018589E7,8589037.0))
(84811019,(2.3867321E7,531056.0))
(52114100,(1693919.0,38576.0))
(90189020,(1.81865992E8,668771.0))
(87089120,(9.5407401E7,7501403.0))
(71039100,(5.62917253E8,4101.0))
(39042200,(1.45494867E8,6.640705E7))
(15121191,(4.16281626E8,3.94522875E8))
(48101400,(1.521946E7,7512519.0))
(90172010,(5661099.0,338808.0))
(83091000,(5.7028963E7,1.6094466E7))
(28051990,(4.8778789E7,1085297.0))
(22041093,(2.46817407E8,4.3027408E7))
(94033011,(9.7821266E7,2.4697126E7))
(74040091,(3.37911704E8,8.1145836E7))
(29173600,(3.5006363E7,4.0563035E7))
(56031290,(1.43997888E8,3.5130548E7))
(15122990,(2644069.0,1510533.0))
(85167200,(5.437867E7,5345126.0))
(19019019,(2.4116473E7,1.3484684E7))
(36032000,(6072458.0,161130.0))
(87089491,(6.8994919E7,9856930.0))
(1039211,(1.8805502E7,1.1197331E7))
(48191000,(8.54850045E8,5.2447629E8))
(27101250,(30569.0,7676.0))
(40149000,(2.35949614E8,8959101.0))
(84178030,(6311611.0,506078.0))
(96121080,(1.9446369E7,993082.0))
(15159040,(1.2761601E7,1140271.0))
(24041910,(150243.0,19041.0))
(94051190,(5.84901991E8,3.7892059E7))
(29315910,(8282.0,80.0))
(34051000,(2.7853971E7,3719441.0))
(85437008,(205479.0,839.0))
(19041090,(4.74662802E8,1.43345779E8))
(84732990,(6.5407015E7,1330382.0))
(73045930,(1.4088524E7,3692595.0))
(52042000,(2781684.0,474523.0))
(90302000,(3.2120287E7,70517.0))
(54023900,(953981.0,158730.0))
(84213100,(3.10856501E8,2.2095154E7))
(3034390,(355534.0,183881.0))
(27101215,(2.3269797E7,3.3290715E7))
(18061020,(1.3859521E7,3021114.0))
(29032200,(425113.0,27690.0))
(29034300,(987230.0,96542.0))
(73130000,(8117247.0,3756447.0))
(56012110,(1.3081828E8,2.0819119E7))
(76061219,(2.05460109E8,4.8473618E7))
(84386000,(5.5278567E7,1499759.0))
(38089290,(9.55130258E8,6.7853494E7))
(2031990,(8305921.0,2261618.0))
(34023910,(4430369.0,1573812.0))
(30034900,(1.8417951E7,65916.0))
(22042990,(945938.0,674459.0))
(55013000,(782766.0,240994.0))
(85258900,(9.51120513E8,4240692.0))
(71051000,(2720110.0,6113.0))
(23099010,(4.7532582E7,2.5055415E7))
(20081919,(1.11874476E8,1.7756313E7))
(2101290,(9384519.0,1281921.0))
(49119900,(4.78618812E8,3.0282965E7))
(27112100,(2.8017522651E10,0.0))
(37012000,(1.7399187E7,272118.0))
(22042983,(9.5273615E7,1.93080864E8))
(22042136,(960970.0,172694.0))
(73259990,(2.14613739E8,3.7971829E7))
(71102100,(1.19698572E8,9223.0))
(29333935,(6505010.0,272374.0))
(72169110,(5.7149078E7,2.9251752E7))
(84351000,(6.0238892E7,2306756.0))
(86073000,(3.6495478E7,2523082.0))
(28041000,(1.4615827E7,3193675.0))
(44083130,(4547.0,439.0))
(72031000,(8.3750052E7,2.13087046E8))
(26179000,(267562.0,27526.0))
(1031000,(1.9280157E7,3047780.0))
(90258040,(1.32282532E8,3593442.0))
(84879059,(1.64003183E8,8608259.0))
(64069050,(4.9214075E7,1952454.0))
(84602300,(2.219584E7,658463.0))
(85441110,(1.70738641E8,1.9348332E7))
(72021900,(2.4621071E7,1.7023773E7))
(73042990,(2011536.0,646847.0))
(30012010,(2940355.0,4867.0))
(52064400,(323831.0,31487.0))
(72091690,(1.93471554E8,2.18773648E8))
(19042091,(1752111.0,582620.0))
(76031000,(4.5320104E7,1.2786619E7))
(3025920,(1.6053813E7,5445545.0))
(48990001,(4.9655448E7,3.8886528E7))
(62171000,(1.69091649E8,3420949.0))
(86080000,(8.3451865E7,4777670.0))
(29221200,(1.0221104E7,7750834.0))
(85249100,(1.05973545E8,1.8593352E7))
(40170000,(1.5597212E7,1999851.0))
(6031300,(6675452.0,713303.0))
(1039190,(686438.0,174120.0))
(85159080,(2.09575885E8,4602763.0))
(68042212,(1.4245568E7,1356177.0))
(72192210,(1.03227384E8,2.3137986E7))
(95030049,(2.10510308E8,1.317963E7))
(62046211,(1.0780802E7,323997.0))
(68029990,(2.0663729E7,2.3302925E7))
(64019210,(4.8223298E7,3141134.0))
(22042297,(25558.0,13563.0))
(85071020,(1.112738156E9,3.93396717E8))
(15132930,(867887.0,386888.0))
(29105000,(1111.0,2.0))
(16055390,(1.8567554E7,5905203.0))
(41132000,(1632576.0,63186.0))
(83024150,(2.6121856E8,4.1408588E7))
(40051000,(3.84488051E8,1.13004939E8))
(76061191,(1.25711982E8,3.2686702E7))
(29052990,(2.2096684E7,1366881.0))
(20098985,(1212514.0,1001909.0))
(73239200,(1.78193275E8,2.3687045E7))
(82024000,(3.0200996E7,912874.0))
(62033310,(6.027825E7,1652588.0))
(17049065,(2.90926856E8,7.1936864E7))
(72085299,(2.12794499E8,2.35319946E8))
(71069200,(1.81086087E8,1332705.0))
(29051100,(1.82096896E8,5.89833943E8))
(28053040,(25419.0,26.0))
(20093119,(6.2436285E7,4.2152245E7))
(84145935,(2.40453539E8,1.0641015E7))
(84818019,(1.62441906E8,6543649.0))
(73090030,(3.9265475E7,4488047.0))
(90158080,(1.52210273E8,832876.0))
(91040000,(9827631.0,23505.0))
(32089099,(8.5937526E7,1.4033701E7))
(94017100,(4.43654526E8,6.8207645E7))
(2031955,(5.96759453E8,1.5785888E8))
(84831095,(5.48005839E8,1.8442649E7))
(84812090,(4.05397238E8,5122520.0))
(16042090,(5.1653151E7,1.1256252E7))
(84841000,(2.2182269E8,4252103.0))
(84209110,(1991440.0,100879.0))
(84073499,(4.99914241E8,3.3039053E7))
(39262000,(2.55288441E8,3.1074442E7))
(12060091,(1.22083107E8,2.34463316E8))
(94052940,(1.8053773E7,1731922.0))
(49052000,(3215408.0,140239.0))
(90064000,(3.9055882E7,1477158.0))
(52010010,(2.2583605E7,4868910.0))
(32064200,(1264009.0,201619.0))
(16041600,(5.267721E7,5241081.0))
(73249000,(7.8193532E7,9892620.0))
(39019030,(1.9657433E7,6367042.0))
(90049090,(1.39910884E8,1314478.0))
(1012100,(3.01340179E8,3643994.0))
(57033991,(1381735.0,331295.0))
(52121310,(376331.0,10801.0))
(84571010,(6.3149147E7,4583534.0))
(59050030,(1081573.0,165959.0))
(54082210,(6832949.0,228111.0))
(73199090,(6356449.0,412700.0))
(88062110,(2.352696E7,59096.0))
(53012900,(2.14339714E8,8.9617059E7))
(42023100,(1.068067685E9,3340300.0))
(71104900,(1829908.0,142.0))
(84169000,(8.4961472E7,1997333.0))
(3061410,(9599645.0,323399.0))
(8135091,(1.390959E7,1380916.0))
(27111400,(2.9925987E7,3.6167442E7))
(57022000,(2576841.0,1263447.0))
(85291030,(3.5365583E7,1274264.0))
(74091100,(4.71365974E8,5.8719575E7))
(88022000,(2.853047E7,87053.0))
(3053290,(1373574.0,267868.0))
(84717030,(1.1981319E7,131356.0))
(52095900,(9184760.0,721032.0))
(52122290,(101975.0,20150.0))
(29308000,(40114.0,7612.0))
(96033090,(1.32347448E8,3069123.0))
(20055900,(1.24157329E8,6.5751721E7))
(7096095,(956429.0,767052.0))
(3074220,(3.9459898E7,4333779.0))
(39211390,(1.64144783E8,3.8447591E7))
(85471000,(2.2492326E7,503190.0))
(44032310,(3.75439E7,2.99671787E8))
(85333100,(5782593.0,44601.0))
(51082090,(7549560.0,61505.0))
(16056300,(16709.0,2336.0))
(29163100,(6.1823304E7,2.4630514E7))
(37023900,(2618807.0,31286.0))
(95043090,(1.2154577E7,213937.0))
(44188200,(2.2306675E7,1.4390229E7))
(85261000,(1.44417243E8,400661.0))
(29339920,(1.5872905E7,37851.0))
(74093900,(1.3732E7,1884042.0))
(25059000,(4.74135E7,2.832143215E9))
(20089759,(3.2651436E7,1.0259472E7))
(85068080,(1.6652666E7,1043312.0))
(88026011,(5.40682234E8,10752.0))
(73181100,(1.3724585E7,4462830.0))
(57011010,(5261514.0,120664.0))
(82090080,(3.954029E7,371970.0))
(84144010,(1.7450811E7,2062264.0))
(72201100,(1.0349304E7,1684037.0))
(52083216,(9305240.0,370910.0))
(20081191,(8.1842874E7,3.3940126E7))
(38276400,(5660882.0,236749.0))
(52062300,(180632.0,10728.0))
(3054410,(1117466.0,31396.0))
(96190079,(2.1705302E7,3097187.0))
(3028300,(29916.0,2157.0))
(30065000,(3.7059272E7,3583963.0))
(96071100,(5.4005286E7,1980424.0))
(62023090,(7.5614164E7,1074445.0))
(62046918,(1.87792313E8,6192610.0))
(22042185,(1966290.0,591435.0))
(73181548,(6.6376265E7,1.1815797E7))
(1022110,(7.0143954E7,1.6183546E7))
(27129033,(7.0,0.0))
(38249975,(146617.0,1373.0))
