(84679200,(4.5116755E7,939865.0))
(62012000,(1.66406257E8,1069633.0))
(38130000,(4.3285028E7,1.4012431E7))
(73069000,(1.32142028E8,1.7995634E7))
(55161300,(6805230.0,261818.0))
(38011000,(1.62184152E8,3.5647519E7))
(28365000,(8.4081198E7,1.69338804E8))
(86061000,(6.3317122E7,1.540985E7))
(32082090,(2.92252468E8,4.7353789E7))
(44089015,(1.4550837E7,2781138.0))
(84399900,(8.8193163E7,2800293.0))
(20089911,(39206.0,3704.0))
(39011090,(9.21354129E8,7.55055204E8))
(95081000,(721749.0,158810.0))
(90230080,(1.06134973E8,2157387.0))
(17029050,(2.74574631E8,2.05821034E8))
(39061000,(3.6581968E7,8374359.0))
(3044720,(1198.0,153.0))
(94052140,(5.0038718E7,3593817.0))
(55152130,(69890.0,1584.0))
(85162991,(6.2882714E7,4737944.0))
(62099010,(3818770.0,55647.0))
(48101300,(2.38302351E8,1.8466147E8))
(11042250,(17002.0,10217.0))
(44081091,(281685.0,181504.0))
(49040000,(1.0496121E7,184340.0))
(46019290,(976715.0,750537.0))
(91091000,(1363075.0,180396.0))
(83016000,(1.37177103E8,1.0819773E7))
(91119000,(9.5927196E7,153656.0))
(84778019,(8012077.0,270462.0))
(84148075,(1.44373372E8,7701722.0))
(38200000,(1.76852032E8,1.2278278E8))
(85256000,(2.14363948E8,1347745.0))
(84119900,(1.88611802E9,2.6523162E7))
(22029919,(3.40700205E8,2.61609432E8))
(27101962,(4.90278178E8,7.67656045E8))
(72015010,(2.4713075E7,1.206834E7))
(58081000,(2.3468805E7,915643.0))
(29211300,(1146124.0,24631.0))
(48109210,(1.9010892E8,1.53046128E8))
(29334990,(3.114857E7,376665.0))
(3038910,(2289894.0,984345.0))
(85407900,(7.6198263E7,30747.0))
(20021010,(8.2464954E7,6.5959105E7))
(22042232,(179714.0,2681.0))
(4069079,(1.98745635E8,2.4509522E7))
(53031000,(1251589.0,1702634.0))
(72172090,(4.7759818E7,2.930751E7))
(89039910,(1.3177819E7,393221.0))
(73151110,(3.3432942E7,1672952.0))
(46019990,(1.6802447E7,1682853.0))
(72222021,(1.12513623E8,1.7732159E7))
(1022941,(4.5611503E7,1.068213E7))
(29055991,(548213.0,40221.0))
(58109210,(4.062246E7,377212.0))
(55151990,(8328076.0,752738.0))
(39039090,(2.13509336E8,1.19343996E8))
(38249910,(1.1414897E7,2149925.0))
(90308900,(1.38975863E8,797635.0))
(62043990,(1.00791645E8,1547134.0))
(84818073,(1.01112965E8,1942508.0))
(85299092,(3.15938065E8,3065167.0))
(42023210,(4.87797805E8,4801753.0))
(84682000,(6706263.0,177064.0))
(84171000,(5103693.0,775695.0))
(60053900,(2897822.0,125027.0))
(29329600,(1512.0,17.0))
(90059000,(2.3388821E7,106527.0))
(58011000,(1.3125585E7,473828.0))
(81029900,(6220567.0,50858.0))
(22089048,(1868223.0,217790.0))
(84264100,(3.2905628E7,5312255.0))
(94031091,(7.0444823E7,1.4340326E7))
(82119100,(4.3254717E7,3949582.0))
(27122010,(1.3452167E7,8165786.0))
(84798970,(3.308281E7,405077.0))
(29362500,(8440208.0,460816.0))
(70171000,(5192499.0,60299.0))
(2042250,(4.9842852E7,6544687.0))
(62042100,(2021098.0,19929.0))
(96085000,(9505582.0,752462.0))
(3032400,(3332916.0,1476119.0))
(72191410,(2.32076802E8,1.01609279E8))
(85166050,(2.59497811E8,2.0827885E7))
(85287115,(3.79939345E8,5055015.0))
(39072991,(120580.0,32944.0))
(73030010,(2.99948502E8,1.81740735E8))
(52102100,(4987275.0,1154422.0))
(20098969,(920348.0,670715.0))
(2074471,(115595.0,9832.0))
(76011090,(4.18497751E8,1.65617596E8))
(85016180,(2.34736696E8,1.3598985E7))
(36034000,(1.5681663E7,407012.0))
(32072010,(4655930.0,2273046.0))
(86040000,(3.1503538E7,1390152.0))
(40092200,(1.23319075E8,7329497.0))
(61042300,(6.6380521E7,2245741.0))
(87079010,(1.7609058E7,1630408.0))
(85171300,(6.741855538E9,7616784.0))
(20088070,(7970507.0,1612118.0))
(55096200,(6599807.0,635323.0))
(2072490,(6872188.0,1367424.0))
(41071119,(6.7019831E7,1150724.0))
(70132290,(6746493.0,281579.0))
(33019030,(2.3373332E7,947689.0))
(84081071,(2585897.0,55430.0))
(84192000,(6.5296885E7,1147870.0))
(96081010,(7.2367644E7,2531939.0))
(3025190,(1981025.0,144172.0))
(12076000,(2854067.0,941206.0))
(63029310,(1.3360531E7,4231028.0))
(55164100,(879460.0,110665.0))
(84073210,(1.7396936E7,1218979.0))
(90308200,(5.8350822E7,123617.0))
(64062090,(1.3943261E7,1199313.0))
(39033000,(1.09103233E8,5.5129544E7))
(84198930,(3310050.0,48825.0))
(9103000,(1.1569454E7,3177004.0))
(62159000,(4340764.0,58883.0))
(56039310,(1.8233282E7,3325841.0))
(81102000,(748.0,2.0))
(53091900,(4.4007061E7,1853803.0))
(39131000,(5.9034547E7,4081347.0))
(28092000,(1.80655276E8,2.12653886E8))
(44072915,(7304394.0,4166852.0))
(52081296,(861569.0,132365.0))
(23024010,(2817182.0,1.333364E7))
(29173920,(1326752.0,783597.0))
(52121490,(2150146.0,25164.0))
(73181588,(4.65211744E8,1.13471423E8))
(4022991,(6226992.0,2084542.0))
(82033000,(1.455717E7,669785.0))
(29331910,(347313.0,5927.0))
(46012290,(323877.0,22941.0))
(3045630,(107568.0,38094.0))
(84241000,(1.25053718E8,1.8667699E7))
(81032000,(2218795.0,54647.0))
(59050070,(9940661.0,452549.0))
(41079190,(1.8543851E7,601282.0))
(84148019,(9.249232E7,2656950.0))
(84549000,(4.7701521E7,3330964.0))
(3039190,(7724981.0,1311276.0))
(85168080,(1.60585801E8,4633330.0))
(15089010,(142700.0,47963.0))
(51099000,(8096217.0,205239.0))
(84195080,(1.039557685E9,3.9205575E7))
(72283061,(2.93474525E8,1.69148037E8))
(63031200,(5.831707E7,4352002.0))
(87021099,(6906268.0,3970639.0))
(7094000,(1.236825E7,1.3849389E7))
(29051700,(2.7113306E7,1.1365489E7))
(12024200,(7.3226879E7,4.2737103E7))
(76109090,(8.50827103E8,1.06688304E8))
(51123010,(2859790.0,69940.0))
(3069290,(38519.0,2008.0))
(38259010,(40744.0,5887.0))
(84401090,(1.1619456E7,755293.0))
(72163291,(1.97181636E8,2.41814557E8))
(82071990,(2.9148665E7,2338907.0))
(10063048,(4510694.0,2531853.0))
(85011091,(5.755394E7,3494319.0))
(22042127,(3044988.0,644277.0))
(85365011,(2.18517498E8,4260180.0))
(2089010,(9319007.0,664375.0))
(52095100,(5673532.0,369678.0))
(29215990,(7682153.0,413105.0))
(33012590,(2433787.0,98159.0))
(69120021,(2.5725392E7,3496522.0))
(84659600,(4.4044514E7,6320665.0))
(39201028,(2.38571239E8,6.4372669E7))
(29352000,(400.0,50.0))
(70199000,(2.73928014E8,8.7297473E7))
(52081219,(1.0971078E7,2892240.0))
(72103000,(1.05614773E8,1.02335199E8))
(29349200,(111710.0,12797.0))
(87083091,(1.210880525E9,2.43015292E8))
(83079000,(5.4911569E7,6256351.0))
(2031211,(1.50936652E8,4.7316051E7))
(84501190,(4.2570536E8,1.33407038E8))
(48070080,(1.4025285E7,8325020.0))
(84602200,(5642320.0,190535.0))
(84689000,(1.7493599E7,683823.0))
(85389091,(3.03280303E8,2587788.0))
(73065080,(1.0913025E7,2744221.0))
(29153200,(5.6516053E7,4.2693024E7))
(73142010,(2.44689483E8,3.29899393E8))
(39152000,(1.3618858E7,3.6372982E7))
(3038931,(136798.0,38234.0))
(72012000,(1100298.0,541053.0))
(20092991,(1607.0,327.0))
(37025200,(1680074.0,51956.0))
(90248000,(5.9918357E7,754278.0))
(68109900,(1.53012476E8,2.82256558E8))
(28259020,(142859.0,46.0))
(84439191,(9666810.0,344167.0))
(44072390,(241075.0,20200.0))
(10063069,(482063.0,293285.0))
(2072770,(1577627.0,557880.0))
(63029100,(6.0822918E7,7406226.0))
(28352400,(1.4500596E7,6363545.0))
(7142090,(7268743.0,5946471.0))
(28353100,(9657013.0,4433609.0))
(87149500,(1.6065554E7,743225.0))
(63019090,(6045283.0,1154747.0))
(88069920,(15179.0,2026.0))
(29214100,(1409702.0,276532.0))
(3082100,(3413038.0,280079.0))
(85431000,(1.1687389E7,307269.0))
(87031011,(6543676.0,315956.0))
(54023100,(5.1089079E7,6109078.0))
(87043191,(5.9370668E8,4.8571582E7))
(63079010,(1.99321372E8,1.4557798E7))
(55152291,(26424.0,129.0))
(28990002,(1.56640064E8,5.3023529E7))
(22042162,(1.8489717E7,959452.0))
(81125100,(893.0,1.0))
(81019400,(2045362.0,8516.0))
(29261000,(1.48416878E8,8.7158129E7))
(84182151,(3.5553E7,1.0885437E7))
(84262000,(1.57867068E8,4.7921321E7))
(16029061,(1216596.0,226405.0))
(32159020,(6.57152771E8,1.0388293E7))
(48025525,(5.7590231E7,4.9476178E7))
(22084099,(5363378.0,3594569.0))
(29141300,(9958544.0,5876032.0))
(39039020,(648468.0,74417.0))
(62042380,(4.5440138E7,1680970.0))
(12149010,(3070907.0,1.0015425E7))
(22011019,(3.3444304E8,6.61013913E8))
(4032049,(3.9726655E7,2.3312137E7))
(84669400,(3.0492803E8,1.7769464E7))
(15029090,(1.8340283E7,1.559541E7))
(90222100,(2483294.0,18832.0))
(8013100,(334516.0,51337.0))
(87013000,(7.2698194E7,4512698.0))
(62113241,(1417922.0,55886.0))
(84672970,(4913475.0,314724.0))
(22042281,(1.5609428E7,6664229.0))
(8112059,(1.0584964E7,3545440.0))
(84462900,(374329.0,59759.0))
(28372000,(801898.0,183140.0))
(20089967,(6.0126283E7,1.2076938E7))
(71179000,(3.34810099E8,2228070.0))
(91070000,(8.4047366E7,1807009.0))
(46012990,(1.5294335E7,7673188.0))
(39121200,(176180.0,9142.0))
(84369100,(2.432318E7,2736252.0))
(68151200,(1.80802947E8,2952126.0))
(44111394,(1.458579E7,1.230859E7))
(84864000,(1.04983029E8,551333.0))
(11031190,(2049878.0,2121451.0))
(22082069,(5.2532107E7,2.0459888E7))
(3034220,(2.9482915E7,1.1159246E7))
(8094090,(27488.0,8949.0))
(20098997,(1.6371044E7,4831732.0))
(11051000,(1.0044877E7,6166397.0))
(85322500,(8.0866887E7,1710260.0))
(37029610,(28687.0,488.0))
(20019050,(2560780.0,1126829.0))
(17011410,(3.3188404E7,5.6684525E7))
(30039000,(6.04984447E8,1.3509602E7))
(72071290,(538366.0,197589.0))
(27109900,(1.2620574E7,4.8927189E7))
(4069093,(8.8522421E7,1.0121877E7))
(62061000,(1.31945193E8,382953.0))
(28183000,(1.42817373E8,2.07937251E8))
(44192090,(3220458.0,364763.0))
(20094930,(1.7609164E7,7264055.0))
(4032091,(2.07364165E8,1.11153526E8))
(10085000,(1.3947005E7,5597244.0))
(44109000,(1.41783945E8,3.03631561E8))
(2074499,(1087184.0,240127.0))
(18050000,(3.16514559E8,9.0290837E7))
(45041099,(6845345.0,1571987.0))
(89059090,(5090317.0,481970.0))
(44013100,(3.50897016E8,1.246467815E9))
(61082900,(1.6225977E7,332255.0))
(40112010,(4.22671428E8,7.4647582E7))
(41071910,(1.0891839E7,286256.0))
(62034911,(1.510615E7,306554.0))
(84717070,(3.8975033E7,120821.0))
(29372300,(5.8790695E7,411000.0))
(29335200,(73672.0,5804.0))
(11029090,(1.3208417E7,1.0252691E7))
(84295110,(2.9504883E7,4469838.0))
(48024090,(2063611.0,834978.0))
(85272198,(1.2814242E7,113802.0))
(29303000,(3226944.0,446123.0))
(29202200,(65395.0,848.0))
(72072011,(1.1248751E7,1.3903317E7))
(8062030,(4.4538702E7,2.2885759E7))
(22042988,(4499486.0,3102073.0))
(63022100,(2.35360308E8,2.3141426E7))
(28332100,(1.7685153E7,4.7490122E7))
(85392192,(2.0820151E7,397503.0))
(52104900,(3437304.0,65565.0))
(72284090,(1.4792074E7,3578089.0))
(15050090,(7601683.0,574264.0))
(44069100,(1973852.0,2428682.0))
(73261990,(1.66646021E8,3.5043408E7))
(58013100,(417086.0,71266.0))
(90191090,(2.48923805E8,1.8967507E7))
(3034920,(472237.0,56284.0))
(73021022,(2.10690799E8,1.68006403E8))
(52111900,(2081718.0,166966.0))
(44181100,(5492741.0,670674.0))
(58101090,(1029120.0,32424.0))
(54074200,(4.8308795E7,1910864.0))
(64029939,(3.1808251E8,1.8124222E7))
(84734010,(1.4517973E7,130043.0))
(35069190,(5.92593258E8,1.47618675E8))
(64059010,(1.07860141E8,3364187.0))
(82074090,(8557482.0,124622.0))
(21013099,(4144945.0,391728.0))
(84659110,(1.5752164E7,1931672.0))
(87149290,(5967007.0,2733647.0))
(25131000,(1258378.0,1.793145E7))
(7122000,(3.8911962E7,1.060639E7))
(29221800,(627057.0,191073.0))
(63025390,(3.1153405E7,4824582.0))
(20085039,(4757.0,1056.0))
(49089000,(5.6202353E7,840616.0))
(90183110,(5.10401587E8,2.1072447E7))
(84201030,(6070070.0,237288.0))
(3069990,(2642143.0,302649.0))
(63071030,(2.8735609E7,4054180.0))
(85437090,(1.60141156E9,2.3370093E7))
(82151020,(1694702.0,86895.0))
(29071300,(4731157.0,1847572.0))
(3048290,(1066412.0,114186.0))
(86012000,(5285414.0,392689.0))
(48189010,(2.6655728E7,7421965.0))
(72092500,(3115965.0,2445156.0))
(72193510,(5.905107E7,1.397721E7))
(90021900,(4.5165946E7,67099.0))
(12092380,(1.0207056E7,3031336.0))
(55131200,(53488.0,4980.0))
(90278100,(2.64393763E8,757265.0))
(84244990,(4.5429668E7,2342338.0))
(48041919,(9609157.0,1.2964643E7))
(28281000,(1.9652197E7,6992112.0))
(84311000,(2.01815664E8,1.9581629E7))
(20099039,(603931.0,985975.0))
(95062100,(8078370.0,153032.0))
(70191300,(3.270602E7,8778486.0))
(44072320,(32520.0,1473.0))
(44111310,(1.5701665E7,2.9728614E7))
(90101000,(1077954.0,33007.0))
(59039010,(2.0774122E7,1938762.0))
(31054000,(2.7302114E7,4.1194028E7))
(84193400,(1.2698739E7,1250823.0))
(33052000,(5077929.0,539446.0))
(51052100,(507891.0,65507.0))
(29161600,(31046.0,10638.0))
(52083900,(1.9775103E7,751279.0))
(41021090,(2642363.0,1896803.0))
(62032930,(7866332.0,15527.0))
(72024110,(459863.0,116071.0))
(2101960,(3628991.0,324853.0))
(71123000,(1.03762744E8,243114.0))
(84773000,(1.15014381E8,8615531.0))
(41041159,(1296666.0,256692.0))
(2086000,(10144.0,1485.0))
(29339190,(1.0953181E7,118025.0))
(27101955,(2284958.0,3775513.0))
(7133900,(8265610.0,5553948.0))
(54025900,(1827707.0,63042.0))
(84233090,(6188955.0,77110.0))
(4063010,(3.9301507E7,7620781.0))
(48116000,(1.05811494E8,3.5556652E7))
(55143030,(1158321.0,65912.0))
(8092900,(6.3335774E7,1.1154067E7))
(22042113,(8.06282957E8,4.568819E7))
(64039116,(2.02825899E8,4074802.0))
(4069023,(5.7832043E7,1.0805396E7))
(62072900,(1.6592578E7,278313.0))
(28442035,(2.629780784E9,2069704.0))
(87084099,(1.013516618E9,8.4404926E7))
(44111492,(7.1330131E7,4.9295803E7))
(84818087,(4.3934152E7,1372080.0))
(63031900,(1783729.0,126569.0))
(69022091,(2.2423292E7,2.6199977E7))
(61021090,(1.6536107E7,116883.0))
(73201090,(2.3036272E7,2648886.0))
(85392290,(7724252.0,278062.0))
(64035931,(8913515.0,185453.0))
(39075000,(5.2267501E7,1.9639766E7))
(74182000,(3.5265463E7,1379866.0))
(2062991,(2447482.0,743717.0))
(29053100,(4.9010092E7,7.6363487E7))
(16023111,(7290053.0,1603022.0))
(7041010,(2.04538349E8,1.78140868E8))
(29181200,(1.8058943E7,3766704.0))
(29242100,(1.2408511E7,983115.0))
(84714900,(1.100155837E9,7315760.0))
(72230099,(2.7931559E7,8036030.0))
(90303370,(1.59169749E8,1255139.0))
(74032900,(2.2389242E7,1802756.0))
(52079000,(2727250.0,251423.0))
(3049529,(557000.0,54047.0))
(81041100,(2.3158304E7,5968401.0))
(2072791,(338462.0,259051.0))
(68129990,(284608.0,20571.0))
(6022030,(8919215.0,3652694.0))
(40011000,(5724164.0,2497810.0))
(20098934,(834192.0,593731.0))
(85369001,(1.11830172E8,8848375.0))
(16056200,(310590.0,2286.0))
(96162000,(5.0815648E7,1369814.0))
(28351000,(9469777.0,3215178.0))
(29037980,(149081.0,910.0))
(20052020,(2.80192861E8,8.060715E7))
(92011010,(1.6471189E7,900017.0))
(85491410,(1407.0,50.0))
(55029000,(529704.0,27758.0))
(84679900,(1.13203862E8,3537833.0))
(3035410,(3.9450074E7,1.8258119E7))
(22042932,(95729.0,64321.0))
(3063550,(305379.0,25855.0))
(4014010,(7033308.0,2900220.0))
(72192110,(1.41708747E8,2.294424E7))
(29096010,(4650147.0,1990387.0))
(22060089,(5274422.0,3900459.0))
(85153100,(1.01424385E8,2631522.0))
(20087069,(4483756.0,3721791.0))
(62033210,(2.6864283E7,775784.0))
(70198090,(3.6875795E7,1.3237913E7))
(29053926,(122858.0,36734.0))
(23069090,(7620918.0,2.4289336E7))
(93062900,(8.296995E7,1.572949E7))
(22042134,(204075.0,15520.0))
(33049900,(1.1752535455E10,4.32236012E8))
(7099950,(2.783016E7,2.2077348E7))
(4063031,(2.77956793E8,5.6487165E7))
(55151311,(40192.0,2232.0))
(48221000,(4411804.0,2716771.0))
(20060035,(634378.0,321940.0))
(40103400,(7101170.0,267979.0))
(84748010,(9055232.0,474064.0))
(29191000,(812422.0,381113.0))
(4061050,(7.42076128E8,2.41675683E8))
(63053390,(3.0071762E7,8797485.0))
(39219060,(3.79935014E8,6.1793179E7))
(28273930,(1.2897259E7,3115718.0))
(2071440,(436153.0,655578.0))
(84089065,(1.02833314E8,7595966.0))
(3071110,(1.5550638E7,2166173.0))
(20089792,(911832.0,835492.0))
(73182400,(9.634008E7,6788336.0))
(4041072,(992.0,272.0))
(16023230,(2.74615084E8,6.143386E7))
(3063291,(618309.0,29348.0))
(3028410,(8.1984459E7,1.0594527E7))
(62034939,(96922.0,2114.0))
(85371010,(3.36643715E8,3536255.0))
(84339000,(1.132933163E9,8.4855242E7))
(94044090,(5.863644E7,8634607.0))
(88073000,(1.4644217306E10,4.0048577E7))
(28274910,(98806.0,60300.0))
(82077037,(2.2951657E7,183402.0))
(73041910,(2.1336149E7,1.1962847E7))
(33030090,(3.930101841E9,1.05887091E8))
(85193000,(1.9185266E7,911108.0))
(94054940,(3.0349168E7,1350259.0))
(4069086,(5.1962834E7,5297078.0))
(76051900,(5926578.0,937827.0))
(12122900,(5.0981924E7,8.1017127E7))
(7149020,(2181426.0,1334529.0))
(6031200,(1.3221028E7,1680381.0))
(30043200,(3.107480244E9,1.2318651E7))
(25061000,(2.3407748E7,3.14397394E8))
(84081099,(1.2095671E7,321137.0))
(22042190,(2.879275E7,2963028.0))
(7095400,(1722444.0,309052.0))
(84137029,(4.6470047E7,2020422.0))
(84145100,(1.69924668E8,2.1466221E7))
(73181595,(6.06528095E8,6.867113E7))
(84483200,(2.0207483E7,617363.0))
(72139190,(1.4134513E7,1.7573558E7))
(84440010,(2017740.0,163703.0))
(61130010,(6.4464991E7,1507265.0))
(20089393,(4873245.0,696908.0))
(20094993,(13364.0,14126.0))
(84068100,(3.8042317E7,950244.0))
(90189060,(5.28675E7,602705.0))
(31026000,(9317290.0,2.4629104E7))
(73239100,(5206586.0,948329.0))
(28211000,(4.8186632E7,3.4072558E7))
(84542000,(1.3206843E7,7930900.0))
(84853010,(923825.0,6316.0))
(82082000,(1.5677027E7,587569.0))
(10019900,(3.988864351E9,1.6279488258E10))
(38089260,(2.3079426E8,1.0251214E7))
(70196200,(3.2274669E7,9628030.0))
(3049921,(1.2728164E7,2721079.0))
(76110000,(1.3395696E7,1026716.0))
(84879057,(2.1643423E7,2469592.0))
(62114900,(8.64597898E8,5294525.0))
(48043151,(2370114.0,643695.0))
(85049017,(1.77454314E8,2.3996249E7))
(38231990,(4.5596912E7,3.7081892E7))
(8134095,(2.9788609E7,2641802.0))
(44034100,(88293.0,3739692.0))
(59021090,(1.2633612E7,2358129.0))
(82054000,(6.9120988E7,4259798.0))
(61089900,(3392699.0,83958.0))
(29333100,(2283863.0,154155.0))
(29146200,(2394624.0,23416.0))
(83023000,(3.05322759E8,4.7339288E7))
(79050000,(3.19143509E8,8.0633682E7))
(27090090,(2.9942848898E10,5.0299114997E10))
(63069000,(5.5490557E7,8271415.0))
(48025700,(2.13224677E8,1.07288471E8))
(39089000,(3.71459356E8,6.4285633E7))
(85102000,(1.43123579E8,3714029.0))
(82023900,(5.7932324E7,2658386.0))
(84431400,(4863164.0,224173.0))
(29213099,(2.5572285E7,4826814.0))
(72091891,(3.5932781E7,4.3725397E7))
(2044210,(3586319.0,679283.0))
(20079950,(1.69810466E8,6.5590859E7))
(83062900,(9.9610354E7,9234021.0))
(84793090,(1.2092663E7,942880.0))
(39151020,(4293807.0,1.3839094E7))
(73218100,(2.7089279E7,3132817.0))
(3077900,(302173.0,30336.0))
(36020000,(5.7483622E7,1.5470996E7))
(63051010,(281063.0,113126.0))
(82029920,(8256332.0,597661.0))
(19053191,(2.27634533E8,8.335838E7))
(71162011,(3260375.0,70490.0))
(48109910,(7694184.0,5977276.0))
(11032030,(287698.0,1722704.0))
(6031970,(1.66404457E8,1.9777403E7))
(2075290,(1026491.0,298849.0))
(12129200,(652519.0,1256736.0))
(52064300,(152327.0,5790.0))
(54025200,(3622279.0,1134145.0))
(4051019,(1.268912113E9,2.46182932E8))
(44201190,(1.1613148E7,2353959.0))
(44187400,(2998316.0,974988.0))
(84604090,(1898063.0,105966.0))
(20093999,(369823.0,116075.0))
(44089085,(8.5814851E7,4.6046118E7))
(28181019,(499403.0,490502.0))
(62044200,(4.58553299E8,8475395.0))
(2045015,(4447.0,294.0))
(4029130,(2691054.0,1167775.0))
(11042908,(29339.0,31594.0))
(39093900,(3.3937086E7,1.7515136E7))
(29251200,(2056.0,0.0))
(71151000,(2.6265811E7,1961.0))
(32074040,(5393023.0,4.3226165E7))
(96039010,(4476015.0,540876.0))
(87019510,(2.854423155E9,2.13661571E8))
(28053010,(363188.0,37573.0))
(3056200,(4072283.0,644248.0))
(2050020,(5.7372216E7,9066062.0))
(72249090,(2.7162287E7,5138173.0))
(12051010,(2.67875147E8,8.2348516E7))
(20099095,(145993.0,103859.0))
(75081000,(1677577.0,8310.0))
(29054500,(9.648664E7,7.5746399E7))
(27011900,(1.26965889E8,6.09651516E8))
(81126990,(206286.0,4149.0))
(70109099,(1.85035151E8,5.5222105E7))
(83100000,(6.5411868E7,3028037.0))
(10082900,(1.4870163E7,2.8347304E7))
(2075451,(10760.0,587.0))
(21039090,(1.043366853E9,3.25271526E8))
(84136070,(1.5071E7,252723.0))
(3036950,(147179.0,17820.0))
(3083080,(43886.0,7937.0))
(73042400,(9.2835346E7,8384920.0))
(3073980,(566303.0,161764.0))
(28444310,(25912.0,0.0))
(85414900,(7.13974884E8,3002127.0))
(61123990,(1406144.0,36765.0))
(84821090,(1.094955461E9,6.0885015E7))
(15163098,(4982281.0,62085.0))
(73170080,(2.7393701E7,8892571.0))
(90153010,(5.1039011E7,1005229.0))
(78042000,(2003047.0,813826.0))
(10063027,(1743311.0,1365049.0))
(22089069,(2.33390144E8,5.4961817E7))
(39209400,(404747.0,41756.0))
(88051090,(1.0649854E7,62422.0))
(84732190,(1328882.0,75950.0))
(84591000,(3196442.0,281152.0))
(29163910,(523972.0,39745.0))
(8071900,(2.33649828E8,1.82627579E8))
(22041091,(3204697.0,865464.0))
(3052000,(4520760.0,190435.0))
(20083051,(2628428.0,1598170.0))
(74181090,(1.1810375E7,185746.0))
(84138100,(2.87102063E8,1.2812196E7))
(4041016,(415253.0,192199.0))
(38151910,(530916.0,13048.0))
(90289090,(1.29794883E8,1.10321E7))
(27079919,(54139.0,26758.0))
(81124190,(240517.0,52370.0))
(4041002,(3.28482148E8,3.01037666E8))
(28443099,(136530.0,3554.0))
(87169030,(1.13723525E8,2.4558417E7))
(84593100,(1.6507254E7,931102.0))
(33073000,(4.013162E7,7789868.0))
(70133319,(6505938.0,186978.0))
(39122019,(8.3813506E7,1.7657796E7))
(15219091,(1072676.0,118105.0))
(38249980,(425406.0,100742.0))
(2076081,(1634565.0,138949.0))
(2091019,(2004317.0,147062.0))
(26121010,(32.0,1.0))
(62019000,(8.8638466E7,2018203.0))
(29031400,(415745.0,856289.0))
(96050000,(1.4038339E7,847277.0))
(8135012,(53135.0,14450.0))
(53061030,(6427244.0,405043.0))
(12129949,(1926619.0,658822.0))
(75011000,(1.44534264E8,1.5832068E7))
(7133200,(980664.0,584060.0))
(55131900,(4400257.0,803007.0))
(15156091,(16814.0,1656.0))
(22090091,(3.2989929E7,2.5340646E7))
(87091190,(1.02326531E8,8990440.0))
(72092710,(59215.0,3758.0))
(27021000,(2363541.0,2.0739438E7))
(90304000,(1.10949693E8,209414.0))
(84082037,(3.64735149E8,2.2745355E7))
(84362100,(4654191.0,536184.0))
(84141089,(1.88618579E8,6539507.0))
(39042100,(1.55152879E8,9.7024861E7))
(23091070,(7488010.0,959406.0))
(3034290,(1863957.0,362965.0))
(20011000,(5.7152094E7,3.6956415E7))
(94031098,(6.5425239E7,9850014.0))
(20096190,(784451.0,946749.0))
(4015011,(7.6194872E7,3.4443408E7))
(94014900,(6.8082383E7,1.4913737E7))
(70031210,(214757.0,17328.0))
(59032010,(1.1115049E7,491636.0))
(32030010,(1.31507898E8,9513784.0))
(48201050,(3.8233407E7,4746769.0))
(38249945,(3.1546207E7,1.3972837E7))
(62103000,(2.78879085E8,8276064.0))
(95030061,(2.0022561E7,2815013.0))
(84614079,(101562.0,49446.0))
(3055430,(3421.0,357.0))
(39159070,(6702875.0,2.2552294E7))
(20096911,(500662.0,336540.0))
(3038140,(304914.0,88349.0))
(18069019,(4.96532278E8,5.4097539E7))
(51012900,(665873.0,351918.0))
(20029039,(4.7170941E7,1.9195041E7))
(17041090,(1.788319E7,2942052.0))
(32041700,(2.41289914E8,2.8249659E7))
(8021290,(2.52950201E8,5.1494629E7))
(72139141,(3.4400425E7,5.1477437E7))
(52041900,(3794132.0,37951.0))
(84619000,(1.3118605E7,393646.0))
(38059090,(2949859.0,1045861.0))
(71141900,(6239754.0,50997.0))
(72061000,(6017584.0,7496732.0))
(72292000,(4.381005E7,2.7779202E7))
(39222000,(5.3614487E7,1.0173971E7))
(3075100,(2.2732853E7,2457705.0))
(61152900,(2.1884803E7,1180702.0))
(10062096,(806562.0,381263.0))
(22042183,(8.4155978E7,3.4490542E7))
(85051110,(1.71192406E8,5299690.0))
(85013100,(5.51035541E8,1.9643697E7))
(29397990,(3.3931628E7,411625.0))
(81099900,(4185593.0,29535.0))
(52030000,(1.6736977E7,4232087.0))
(82076050,(1009278.0,11037.0))
(83051000,(4625867.0,1128494.0))
(84703000,(206004.0,7464.0))
(28499050,(637345.0,31719.0))
(84623900,(6097035.0,801956.0))
(35011090,(2.18777316E8,2.8970607E7))
(90258080,(1.8230298E7,162101.0))
(44072110,(91.0,1.0))
(41044911,(452561.0,10694.0))
(85287220,(5.27739879E8,2.1718239E7))
(85412100,(3.2403977E7,410786.0))
(16041311,(4.4096414E7,6158513.0))
(70169040,(1.7372526E7,9048017.0))
(72099080,(1.0743503E7,6704694.0))
(55122100,(543470.0,17205.0))
(28444380,(1.3539634E7,27797.0))
(8119031,(1158396.0,299772.0))
(15149910,(3.3197438E7,1.9666486E7))
(55151290,(8853423.0,695239.0))
(61044400,(1.59444895E8,3530435.0))
(84423000,(1.487632E7,322982.0))
(73083000,(3.37466533E8,6.5383718E7))
(90181990,(7.49377936E8,2970806.0))
(58063290,(3.8593211E7,3780857.0))
(84331951,(9530494.0,243714.0))
(84248210,(1.58825264E8,1.9244839E7))
(22082062,(1.05466668E8,3862843.0))
(85299015,(3278079.0,198059.0))
(87139000,(4.8212806E7,1748680.0))
(72179090,(1.9619021E7,7384585.0))
(22042106,(2.9006079E7,5650174.0))
(15179093,(4.1792904E7,1.3307219E7))
(47079090,(5.9287811E7,4.76827E8))
(85423111,(2.69452371E8,612826.0))
(4089120,(1.6166516E7,4176959.0))
(85363030,(3.66691595E8,7952961.0))
(16056900,(3479491.0,386972.0))
(61102010,(3.028067E7,946204.0))
(86071990,(8.8951877E7,9348225.0))
(27079100,(2215464.0,2056141.0))
(7123400,(1054763.0,83396.0))
(85211095,(3681547.0,20522.0))
(30021500,(9.750417669E9,2401018.0))
(27101983,(2.08854257E8,9.1093239E7))
(30069100,(1.19894495E8,2303537.0))
(62034211,(9.4861492E7,3956758.0))
(16055500,(1.1332843E7,689645.0))
(44072810,(124532.0,36324.0))
(33059000,(1.010142575E9,1.68004923E8))
(85059090,(2.58186068E8,6485394.0))
(90314990,(4.6796767E8,2603922.0))
(87023010,(258720.0,14170.0))
(96089900,(2.8760909E7,972300.0))
(62114242,(1109166.0,31690.0))
(3036810,(206955.0,208103.0))
(48182010,(2.77219836E8,1.04332289E8))
(73269060,(4.387073E7,8947971.0))
(73044983,(1.15607149E8,1.0723679E7))
(91081200,(118427.0,1412.0))
(71104100,(4573061.0,2602.0))
(38099200,(6.0342781E7,1.06301396E8))
(72111400,(3.5946111E7,3.6026991E7))
(44119290,(1.53973264E8,1.56404177E8))
(61033900,(1.0107296E7,406367.0))
(39209953,(2366000.0,11498.0))
(85452000,(4.6658121E7,637871.0))
(29223900,(3398703.0,18895.0))
(12079920,(7341156.0,5350777.0))
(2071370,(9.1556506E7,2.9428504E7))
(2061010,(395233.0,290108.0))
(69029000,(4.3651976E7,2.6278504E7))
(97051000,(3.73562676E8,4391046.0))
(11022090,(2.7304578E7,4.2253481E7))
(15152990,(8153994.0,4831932.0))
(90230010,(4.8289781E7,553990.0))
(82075070,(2.5639065E7,519931.0))
(84769010,(2133904.0,40937.0))
(2068010,(99299.0,37196.0))
(3048500,(1687693.0,63158.0))
(40129020,(6.6436223E7,1.1739684E7))
(70101000,(1.9582252E7,2114393.0))
(24039990,(5.7250858E7,7268593.0))
(29094911,(1640397.0,765627.0))
(44079691,(88949.0,43713.0))
(6029030,(7.1286181E7,2.5994976E7))
(40021920,(1.31729464E8,6.5055067E7))
(72202029,(9696057.0,3444559.0))
(8135019,(328931.0,25570.0))
(85073020,(2.6622334E7,622691.0))
(94069031,(4.5271714E7,1.1591697E7))
(84401020,(4225020.0,124805.0))
(27101290,(7.32796971E8,1.044560179E9))
(29221100,(3.8313751E7,2.382988E7))
(57033919,(1.0317298E7,2597940.0))
(29415000,(1.5202807E7,115404.0))
(83024190,(1.05237718E8,1.6225736E7))
(87112092,(1.18445582E8,6256187.0))
(39051900,(1.5879299E7,6223767.0))
(1063100,(123994.0,271.0))
(54078400,(2449755.0,155824.0))
(3045700,(69327.0,7003.0))
(90142020,(1.72463594E8,48868.0))
(38085200,(1082112.0,99367.0))
(3053211,(2964504.0,414633.0))
(22042295,(3158484.0,2297194.0))
(83014019,(5.7023721E7,3081792.0))
(70134110,(2.1387541E7,134141.0))
(4029991,(1116914.0,756841.0))
(84238123,(8399441.0,106523.0))
(15121910,(5.4857022E7,3.9837819E7))
(4015039,(3.37117584E8,1.98365167E8))
(70052980,(7.5426544E7,1.59070605E8))
(73043982,(9.6861928E7,6.5138328E7))
(73251000,(4.87627252E8,2.7015973E8))
(84596110,(1.953866E7,1458105.0))
(85444993,(2.30431236E8,2.1823606E7))
(87089993,(2.15245736E8,4.8049489E7))
(28421000,(6.4121916E7,1.9590209E7))
(30043900,(6.152288914E9,1.8074061E7))
(41120000,(9.9402204E7,1172931.0))
(12092590,(1.9907135E7,7941236.0))
(84411030,(6869168.0,577149.0))
(3038490,(333936.0,78340.0))
(90311000,(1.2663155E7,458463.0))
(70134999,(1.09304346E8,3.8864189E7))
(85042290,(9.2852758E7,7303246.0))
(15220099,(7.6315532E7,8.6018747E7))
(19030000,(1.0219572E7,6064921.0))
(85043200,(2.9546012E7,1153434.0))
(70010091,(7941183.0,25051.0))
(1059950,(129292.0,14696.0))
(84573010,(1.2504986E7,346082.0))
(96092000,(6253985.0,248003.0))
(97053100,(2.2077821E7,23058.0))
(85022060,(1615764.0,74294.0))
(85366110,(3219230.0,268650.0))
(22042148,(6.1472498E7,9466062.0))
(32062000,(6803648.0,1160845.0))
(35061000,(2.73672291E8,2.8498856E7))
(88062290,(7630672.0,7654.0))
(7069010,(8926678.0,1.7120933E7))
(84135020,(1.55019674E8,3619868.0))
(1019000,(143746.0,17424.0))
(20081196,(5.9555928E7,1.9614643E7))
(38122090,(4.1146018E7,1.617085E7))
(10064000,(8.0613782E7,1.41543042E8))
(85437006,(3.7004193E7,480755.0))
(15180010,(43655.0,17167.0))
(72283089,(1.3981806E7,1.0945556E7))
(38140010,(1.5421061E7,1.0695902E7))
(84142020,(1.311232E7,1186964.0))
(96091090,(5.6770931E7,5564432.0))
(41041110,(4048145.0,628100.0))
(29321200,(164665.0,23727.0))
(84184020,(5.9832059E7,1.5612661E7))
(79011290,(614795.0,215955.0))
(39229000,(1.50484505E8,2.0368919E7))
(22042169,(5681761.0,776992.0))
(8042010,(2.2593302E7,8504052.0))
(44039700,(3.4000874E7,3.0003292E8))
(57031000,(3.4741046E7,2184124.0))
(20059930,(3.2800019E7,9076347.0))
(62072200,(1532547.0,60222.0))
(55031100,(2.9073115E7,1630353.0))
(63041910,(1.0059319E7,1058777.0))
(85221000,(1779224.0,15868.0))
(84818031,(2.502E7,844995.0))
(4012099,(3.46183089E8,4.43644226E8))
(26139000,(977492.0,86340.0))
(84822000,(6.49474031E8,4.5306334E7))
(24029000,(1530070.0,18785.0))
(20097919,(5.3506572E7,3.0591962E7))
(16010091,(4.8215867E8,5.7366549E7))
(84021200,(1804817.0,106401.0))
(61112090,(5.72393671E8,2.4525415E7))
(20060091,(863902.0,262373.0))
(20085011,(40984.0,5907.0))
(88024000,(2.8855941181E10,2.8332778E7))
(20055100,(5.7913606E7,4.4319766E7))
(51022000,(25948.0,584.0))
(3044300,(1.463111E7,1437290.0))
(3073210,(4018598.0,1428029.0))
(28416100,(1387828.0,304429.0))
(70071110,(2.05653781E8,5.7808856E7))
(42021299,(1.31892007E8,8561613.0))
(85165000,(1.79228103E8,4.0242918E7))
(23063000,(3.12261956E8,1.007786026E9))
(69141000,(6351750.0,332346.0))
(44188100,(1.19508636E8,8.1802596E7))
(16024210,(1.1152484E7,3992058.0))
(73079290,(3.3240522E7,2284306.0))
(49119100,(1.54101845E8,5768183.0))
(26209910,(414093.0,256196.0))
(7149090,(7001929.0,4242225.0))
(61089200,(6.0101133E7,3631737.0))
(43021935,(179032.0,76820.0))
(48042990,(2031116.0,1359498.0))
(32100010,(8332406.0,1465359.0))
(8031090,(3246178.0,497598.0))
(84289090,(8.76984147E8,8.5796299E7))
(84581900,(9909253.0,1390205.0))
(84059000,(7343574.0,187529.0))
(2062200,(7545229.0,7090588.0))
(76152000,(1.5167629E7,1133175.0))
(30032000,(1.1560526E7,620853.0))
(74198030,(7389856.0,188733.0))
(96161090,(2.13840236E8,6427485.0))
(41044190,(119626.0,3594.0))
(74032200,(3.1789963E7,3741889.0))
(55129100,(4846396.0,217686.0))
(90219090,(8.26626071E8,3735460.0))
(85018000,(8.4406914E7,7470516.0))
(2101981,(3.55249917E8,3.6722292E7))
(3021900,(4434728.0,371973.0))
(66019990,(1.3754738E7,1533206.0))
(1061490,(3983725.0,77705.0))
(87089510,(1.20024877E8,6423770.0))
(28539090,(1.2388578E7,1763784.0))
(15180031,(1.11657171E8,8.504588E7))
(29173500,(1.6874292E7,1.1905458E7))
(3034591,(6980.0,980.0))
(72131000,(1.2995601E8,1.84734778E8))
(76042100,(4.51888533E8,8.3387144E7))
(3028200,(5036884.0,1296636.0))
(29391900,(4.4290502E7,67690.0))
(3048941,(628299.0,103648.0))
(84131100,(2.0689167E7,1236836.0))
(84178070,(2.0239009E7,2298011.0))
(3049200,(1372447.0,141115.0))
(48109980,(8916673.0,4526556.0))
(29039100,(2060840.0,875967.0))
(85176200,(7.761354729E9,7.5506803E7))
(58109910,(2.1826833E7,166360.0))
(43021949,(986.0,8.0))
(84633000,(1.4683452E7,407389.0))
(53012100,(7.14892659E8,1.03807118E8))
(84775100,(8534712.0,526315.0))
(52114910,(1.3782097E7,452904.0))
(22051010,(1.80673435E8,6.2552613E7))
(85258100,(1.23899469E8,581547.0))
(95049010,(1.0317914E7,377236.0))
(15132130,(556.0,132.0))
(30067000,(2.2365614E7,1939790.0))
(23099043,(3911274.0,2812917.0))
(8029200,(2.2455743E7,1217551.0))
(91051100,(2.2255239E7,1491346.0))
(29181998,(4.7458034E7,4286350.0))
(3074960,(110423.0,16666.0))
(69032010,(1.8878943E7,4439583.0))
(85319000,(1.54672331E8,3065142.0))
(84388091,(1.1083592E7,343224.0))
(81089050,(2.76667273E8,5480493.0))
(29071510,(32719.0,2676.0))
(72271000,(3.7261183E7,2362712.0))
(91081900,(1320769.0,5380.0))
(51021930,(125863.0,14498.0))
(60064400,(2863902.0,98439.0))
(64029190,(3.06726704E8,1.9731908E7))
(85399010,(1.042355E7,257595.0))
(52053100,(1766804.0,401465.0))
(22029100,(6.0869157E7,6.2385487E7))
(29333940,(1.2434875E7,426511.0))
(6049099,(1.330636E7,2875357.0))
(84794000,(3.0679144E7,1626361.0))
(84182900,(2.458587E7,3527933.0))
(60059010,(333695.0,27250.0))
(12075090,(5.4125407E7,2.7614017E7))
(20089778,(2.3397161E7,4006957.0))
(19053219,(4.7182391E7,1.0953471E7))
(40082190,(2.01590851E8,2.8214926E7))
(81039910,(7216776.0,14959.0))
(22042176,(1.9314287E7,6032993.0))
(84313100,(5.78994476E8,5.5441295E7))
(84717098,(6.66198975E8,1961771.0))
(28369200,(1783472.0,1233015.0))
(40129090,(4043489.0,764716.0))
(3031490,(9028484.0,1624974.0))
(2045071,(3740880.0,680978.0))
(85353090,(7.3264051E7,2863985.0))
(10051015,(1.036709162E9,2.1937932E8))
(56021019,(3.5650509E7,7770547.0))
(84561110,(1.2432837E7,273504.0))
(64052010,(1.8330389E7,707062.0))
(20099011,(289025.0,188416.0))
(44081098,(8694739.0,5959862.0))
(27129031,(3.598657E7,3.0686413E7))
(28459010,(1.7096107E7,33203.0))
(22042995,(9467072.0,9925282.0))
(2031190,(1456235.0,307474.0))
(84734080,(6.5287129E7,907136.0))
(73072290,(3.8949289E7,1063092.0))
(7136000,(1441244.0,2219008.0))
(20091199,(7.5676915E7,5.4174353E7))
(39232990,(4.75969753E8,7.9688305E7))
(32019090,(8230310.0,1121122.0))
(68151900,(7.7546119E7,1600196.0))
(29309013,(1.3253923E7,634794.0))
(12092100,(2.4098494E7,5405895.0))
(38089190,(9.79406387E8,3.0766053E7))
(44219999,(4.08712743E8,2.64036929E8))
(3031420,(2249933.0,390721.0))
(54079100,(704524.0,41052.0))
(7108070,(5.4157421E7,3.5684226E7))
(63023990,(2.9862743E7,3926786.0))
(38089330,(1.218143E7,215990.0))
(83099090,(1.106777073E9,2.02545693E8))
(20098199,(785764.0,457429.0))
(2032219,(1.509063E7,5917748.0))
(82159910,(5.8985541E7,5202816.0))
(3049410,(4.1348763E7,1.5536562E7))
(22042197,(1.0658724E7,3069825.0))
(72189919,(3140937.0,511076.0))
(85167100,(6.83920345E8,3.8482218E7))
(34053000,(5.2284289E7,9652520.0))
(15071090,(9.7425464E7,1.67226282E8))
(21012098,(3023591.0,284253.0))
(62043290,(2.58703048E8,4136453.0))
(44092200,(9.3956056E7,5.0539112E7))
(84082051,(1.7016563E7,1064786.0))
(40021990,(1.25831535E8,5.7553027E7))
(15151100,(8653377.0,5939120.0))
(85235910,(2.3363271E7,167149.0))
(61033200,(1.5221675E7,345529.0))
(20019092,(222981.0,102249.0))
(72022990,(1.1969841E7,1.8696501E7))
(37023191,(2097.0,179.0))
(27102011,(8.81672523E8,1.063957125E9))
(29233000,(28265.0,3713.0))
(34060000,(3.22548208E8,5.8984216E7))
(76169990,(1.367542501E9,9.3226202E7))
(87120030,(5.20789936E8,1.8282313E7))
(87032390,(5.35733302E8,4.8770628E7))
(2101190,(3303758.0,552869.0))
(35022010,(1017558.0,134240.0))
(96200010,(1.3646548E7,524736.0))
(9102090,(5894650.0,49035.0))
(68021000,(3.5699962E7,1.23864378E8))
(84589180,(1.1639615E7,1097565.0))
(72139120,(8.0080822E7,8.8888828E7))
(39204990,(1.06735095E8,2.3572879E7))
(82089000,(8.1102576E7,2310179.0))
(2101211,(1.2373377E7,2132086.0))
(52121210,(220723.0,24148.0))
(62046251,(1338510.0,23735.0))
(29153900,(1.21766994E8,4.2675672E7))
(43023055,(446.0,2.0))
(32089013,(11185.0,600.0))
(85354000,(3.3334866E7,1292724.0))
(55051050,(1598467.0,4635014.0))
(84814090,(1.20555886E8,2882597.0))
(55132390,(780153.0,45230.0))
(2031911,(2.6635221E7,1.0652375E7))
(30034100,(28.0,2.0))
(38246011,(220026.0,147887.0))
(29321900,(7.5374732E7,5225033.0))
(17024010,(1.8587691E7,2.3559031E7))
(37021000,(638001.0,23983.0))
(90221400,(6.91050871E8,8317911.0))
(56081919,(7906562.0,473615.0))
(48102980,(1.79130246E8,1.40771214E8))
(6011040,(1474519.0,351864.0))
(95049080,(3.8004824E8,3.5140579E7))
(72072032,(1382728.0,1854068.0))
(24012095,(8.9430594E7,5489146.0))
(61082200,(2.78680935E8,7138530.0))
(74153300,(3.7006254E7,1679602.0))
(84118220,(3.8784204E7,14335.0))
(55159130,(1002752.0,247988.0))
(71069100,(2.54859267E8,368321.0))
(72026000,(7.0176233E7,1.2601943E7))
(72072039,(68989.0,39545.0))
(64021210,(1.96044719E8,7229921.0))
(84181080,(2.75121256E8,7.5319663E7))
(63090000,(1.35104536E8,2.05595065E8))
(84212300,(8.24594789E8,4.8222231E7))
(3047415,(7365621.0,1241100.0))
(28432900,(1.2456378E7,979042.0))
(16041997,(2.6620777E7,4851981.0))
(7099390,(2.2606696E7,2.1550882E7))
(84622500,(2280640.0,304582.0))
(52061500,(8801.0,647.0))
(61159900,(2.2268269E7,1905833.0))
(29024400,(3091115.0,1810418.0))
(29051490,(2.2525853E7,2.1056769E7))
(72259100,(4.5636836E7,3.5638312E7))
(95030075,(8.944981E7,6032821.0))
(91112000,(1.1244836E7,31345.0))
(29389030,(4383273.0,57232.0))
(72279050,(316605.0,210853.0))
(27111391,(5.25089797E8,1.169566501E9))
(52052400,(1.3958814E7,2173167.0))
(70181059,(2515113.0,10074.0))
(40169200,(7733077.0,914250.0))
(2074541,(1468678.0,1740609.0))
(5061000,(1709930.0,900817.0))
(84306100,(3.0402615E7,4548283.0))
(48053000,(1.2033157E7,7841544.0))
(52111200,(2934931.0,285367.0))
(84798200,(4.39282087E8,1.5145777E7))
(1022969,(4262607.0,1119306.0))
(29151100,(1.2576446E7,1.1944637E7))
(90041010,(1.6502678E7,129015.0))
(84801000,(4299530.0,826578.0))
(15122190,(890.0,69.0))
(15131199,(1.1209472E7,1.0818524E7))
(32139000,(9.8884135E7,1.3142219E7))
(81109000,(682830.0,3468.0))
(22042981,(2.7135034E7,3.1444479E7))
(82019000,(3.1415144E7,3152684.0))
(25222000,(4.2356881E7,1.70691594E8))
(38089323,(3.21380074E8,1.207553E7))
(15093000,(1.9279914E8,3.05555E7))
(84768100,(2.6944924E7,1353230.0))
(15119019,(2.6627884E7,2.0904096E7))
(86072900,(1.39499101E8,7077241.0))
(25161100,(1.6877722E7,7.2252739E7))
(48041912,(1.4229162E8,1.86310376E8))
(50079030,(1.2182699E7,82365.0))
(20079110,(2.2759863E7,5957637.0))
(72082700,(4.40097824E8,5.16178124E8))
(52062200,(295923.0,18165.0))
(29224985,(3.11372549E8,6.4388729E7))
(36041000,(2.4745902E7,4164373.0))
(29314200,(20360.0,200.0))
(28253000,(4997079.0,274414.0))
(7143000,(9165811.0,7956618.0))
(38245010,(2.7348354E7,4.86261818E8))
(29094400,(1.3923935E7,3577246.0))
(55163400,(640969.0,30365.0))
(63023920,(1.2912403E7,964651.0))
(39051200,(7381868.0,4322102.0))
(28470000,(7.8738235E7,1.1947622E8))
(70109043,(5.03654576E8,6.32740625E8))
(85272170,(1408554.0,13934.0))
(84314920,(3.41436303E8,3.6115946E7))
(85109000,(5.1873423E7,539827.0))
(90129000,(7.3812533E7,160833.0))
(27139090,(3.382898E7,9.573984E7))
(73110013,(2.1091547E7,4189635.0))
(4052090,(214391.0,25874.0))
(85129090,(5.57001438E8,3.0618199E7))
(85238010,(1.5203465E7,345672.0))
(51081010,(873291.0,6052.0))
(47042900,(1.1200924E7,6320720.0))
(74111090,(2.01170531E8,2.0098334E7))
(21050010,(4.56784384E8,1.34536938E8))
(29171400,(3.4592583E7,2.6485504E7))
(42032100,(2.2509194E7,493332.0))
(61151010,(4.7077145E7,839740.0))
(22041098,(1.74109294E8,5.3850461E7))
(6012090,(1.8953527E7,6356500.0))
(55064000,(1216123.0,76150.0))
(28431010,(1868615.0,30480.0))
(62034190,(5308792.0,71878.0))
(39264000,(2.27466291E8,2.1652657E7))
(55094100,(5168666.0,237300.0))
(87060019,(2909569.0,819613.0))
(3024700,(3433702.0,345214.0))
(25201000,(3.0832798E7,6.42144335E8))
(72159000,(1.05908966E8,5.1113587E7))
(19053205,(1.835473E7,4462519.0))
(20093159,(1.1629765E7,5496179.0))
(3049550,(2192010.0,721324.0))
(15012010,(5.3859594E7,5.6085832E7))
(28053080,(132111.0,1029.0))
(84612000,(507528.0,53535.0))
(94034010,(7.32460274E8,1.92781042E8))
(87032110,(7.477583439E9,5.63983687E8))
(85014080,(5.4990258E7,5145658.0))
(89040099,(1789966.0,103068.0))
(38248300,(414887.0,8648.0))
(55141910,(67617.0,5202.0))
(90321080,(2.28665386E8,5490565.0))
(84833032,(6.6001934E7,4015698.0))
(44083121,(65.0,0.0))
(22089041,(409067.0,186545.0))
(9093200,(7275082.0,1467092.0))
(8112031,(1.05817758E8,3.2007257E7))
(72173049,(541261.0,204855.0))
(27101241,(2.305694376E9,2.959974042E9))
(8022200,(1.5974326E8,2.530976E7))
(27101948,(6.05599299E8,9.84361078E8))
(75071200,(1.29591349E8,1763375.0))
(50072051,(3281800.0,17151.0))
(95082400,(4604848.0,73578.0))
(51072099,(1430659.0,37906.0))
(84669120,(4178160.0,173867.0))
(85144000,(5.2635261E7,803414.0))
(56012290,(3.9963508E7,5192790.0))
(3061793,(3048247.0,321928.0))
(84409000,(2.7703183E7,269000.0))
(1012910,(1.1547025E7,3592808.0))
(72112380,(9704894.0,7330144.0))
(90139080,(4.6078875E7,89118.0))
(66019920,(1.6781606E7,2085859.0))
(87149990,(2.50271713E8,1.6014948E7))
(29023000,(3.8949287E7,3.2486213E7))
(63023290,(8.7967287E7,1.4646189E7))
(54024500,(6.0606616E7,8128321.0))
(61161020,(9.3268602E7,5443488.0))
(85287199,(7464340.0,113060.0))
(20049010,(4549536.0,2780571.0))
(44079131,(1.7883631E7,4199580.0))
(48081000,(1.4395885E8,1.2611809E8))
(11043090,(2.3197706E7,5.5555969E7))
(10062019,(107210.0,41936.0))
(56074919,(6247214.0,1547780.0))
(63012090,(1.16692393E8,497737.0))
(64069090,(4.564399E7,2526048.0))
(90213910,(4.17916342E8,918280.0))
(42021110,(6.8377596E7,347656.0))
(28323000,(1.3992266E7,4.2563403E7))
(20084059,(5328249.0,3813739.0))
(2071391,(4367304.0,4674976.0))
(76071990,(9.4808184E7,2.0830517E7))
(20082071,(835803.0,613534.0))
(55081010,(1.0067139E7,580516.0))
(87031018,(5.137452E7,3901874.0))
(87045291,(208340.0,12000.0))
(29990001,(2.66159928E8,1.82003933E8))
(29062900,(1.3343829E7,760070.0))
(29081100,(2118.0,91.0))
(22083049,(1.4733264E7,3902588.0))
(87161092,(1.11451067E8,7232712.0))
(85161080,(2.85427894E8,4.0794429E7))
(39202029,(9.1637525E7,2.8553629E7))
(87084050,(1.887795948E9,1.41283009E8))
(68062090,(1.017777E7,7629426.0))
(3022110,(4409892.0,858706.0))
(28121400,(192064.0,23181.0))
(29157050,(4.5748378E7,1.3207596E7))
(84282020,(1.8425263E7,910763.0))
(28043000,(3.0541916E7,2.38477196E8))
(39169010,(1.00529539E8,1.3722663E7))
(11081100,(9.8143488E7,1.58486646E8))
(69099000,(8465372.0,4205365.0))
(71011000,(2729151.0,417.0))
(72253010,(40887.0,11513.0))
(90269000,(2.89542767E8,3560786.0))
(72024950,(1.4938821E7,3925791.0))
(15043090,(467040.0,100230.0))
(84629010,(4.7602935E7,1356989.0))
(61153019,(6382824.0,260000.0))
(22042288,(3531.0,630.0))
(39095090,(4.57187988E8,1.06193699E8))
(87141030,(1.9600977E7,1648371.0))
(84835020,(1.3389974E8,2.0608644E7))
(38085900,(3757732.0,256369.0))
(60062300,(1.3369085E7,640068.0))
(11010015,(3.42202058E8,5.58568892E8))
(45019000,(2.4167702E7,5445327.0))
(81011000,(1.9627652E7,464238.0))
(29032100,(2.57892114E8,4.43776997E8))
(15159059,(5.7918598E7,1.7187248E7))
(55101100,(4727265.0,1060020.0))
(26090000,(1251630.0,106973.0))
(5040000,(3.1613082E8,6.1045572E7))
(64039193,(1.5872361E7,389178.0))
(53062010,(3956850.0,241763.0))
(11042985,(22679.0,32579.0))
(64039998,(1.077147067E9,1.476799E7))
(70109071,(1.26505406E8,7.6671989E7))
(96140090,(8505995.0,610510.0))
(28112930,(1.7381251E7,3927940.0))
(55113000,(574197.0,27029.0))
(42021250,(2.39768417E8,3.3413914E7))
(30046000,(1.0594541E7,107818.0))
(32064100,(3.0683139E7,5830471.0))
(85279100,(4.6339535E7,2183809.0))
(29034200,(2976118.0,428039.0))
(1051200,(7.1496997E7,1401041.0))
(28053031,(44608.0,171.0))
(11041991,(325960.0,178073.0))
(22030010,(2.59709572E8,2.49374591E8))
(72221111,(6.3532933E7,1.0927207E7))
(41053010,(34221.0,3342.0))
(4041058,(2002313.0,3342835.0))
(72221181,(7.740321E7,1.3208931E7))
(28491000,(2.8623244E7,2.5698208E7))
(72254060,(1.12108821E8,6.284297E7))
(44072299,(1960594.0,565888.0))
(3028130,(164798.0,46917.0))
(59113119,(1323166.0,14705.0))
(28441090,(9.10061405E8,1.5565651E7))
(51123080,(8470516.0,147014.0))
(84069010,(8.7864706E7,1888058.0))
(54011018,(1.0779108E7,1833451.0))
(48193000,(1.46004644E8,5.4207384E7))
(4039091,(1.63659738E8,9.3109452E7))
(26020000,(8.5618846E7,4.43066264E8))
(38091010,(2838899.0,1492752.0))
(70031910,(95717.0,1218.0))
(89032210,(1.253203384E9,3.0238968E7))
(15159031,(13140.0,1903.0))
(20031020,(2102088.0,801980.0))
(20084031,(167.0,8.0))
(61109010,(1.6714708E7,186028.0))
(70200008,(1930923.0,247261.0))
(92021090,(2949852.0,30154.0))
(72155080,(8.3861034E7,6.0504859E7))
(21069092,(1.378719639E9,1.80372033E8))
(3036390,(1.0579117E7,2244800.0))
(61152200,(1.9920545E7,1084373.0))
(62152000,(4415472.0,157206.0))
(84079090,(5.8318749E7,5698248.0))
(90160010,(1.6809774E7,141324.0))
(20029011,(1.1807482E7,8266568.0))
(85151910,(5418376.0,63176.0))
(3054100,(2.92711102E8,1.7455531E7))
(29055998,(8379817.0,1384510.0))
(28141000,(3.14006185E8,6.83817853E8))
(38276300,(3.6401682E7,1384744.0))
(3063690,(4.6219006E7,4403421.0))
(60049000,(8176921.0,552615.0))
(25173000,(1.0817506E7,2.55705979E8))
(34059090,(5.4981721E7,8247163.0))
(51091090,(7627648.0,257265.0))
(44092991,(4.5862213E7,1.1853751E7))
(10029000,(4970730.0,2.0909813E7))
(61045100,(1.8864348E7,195625.0))
(29043300,(11749.0,12001.0))
(57033100,(9.3466861E7,2.6457813E7))
(61119090,(2.5248073E7,1257145.0))
(72011090,(3.9313376E7,7.3492168E7))
(19054010,(7.5062964E7,2.5761183E7))
(44072985,(38383.0,24183.0))
(87044199,(168832.0,41082.0))
(4109000,(8866172.0,271413.0))
(73079311,(3.307454E7,8212506.0))
(24031100,(1196885.0,106785.0))
(55096900,(2305781.0,253645.0))
(12040090,(3.8512999E7,5.1275597E7))
(62042310,(929314.0,15613.0))
(38123910,(5.1429017E7,1.3086796E7))
(84479000,(2.1715708E7,740352.0))
(94069038,(1.83945096E8,6.3577903E7))
(81092900,(2539280.0,5685.0))
(44130000,(3.9147673E7,4.3088019E7))
(90268020,(2.53912908E8,2108903.0))
(2022090,(1.4217654E7,2474768.0))
(25152000,(8463471.0,3.06616601E8))
(64035105,(2944313.0,25142.0))
(55152900,(6190518.0,134116.0))
(3045910,(157900.0,39911.0))
(73181210,(2.607891E7,3752247.0))
(3048990,(5.5041371E7,7068991.0))
(3028921,(769550.0,79812.0))
(84514000,(3.4787E7,847251.0))
(84553039,(3.8547004E7,5904123.0))
(70109057,(2974097.0,1527760.0))
(38089120,(4626877.0,72549.0))
(64039991,(2.63591947E8,4809374.0))
(4029151,(7311546.0,1356096.0))
(85414200,(8.4984215E7,4568636.0))
(74093100,(4.6534064E7,4278635.0))
(84622290,(2867107.0,235126.0))
(52122190,(463556.0,29497.0))
(73160000,(1.2333522E7,2240517.0))
(56031190,(1.19044587E8,4.7126359E7))
(20086019,(7965224.0,4989911.0))
(84481100,(1.57921182E8,6500152.0))
(42050090,(3.56385401E8,2771122.0))
(64035119,(1.22401319E8,764757.0))
(84818059,(6.70261236E8,1.0096239E7))
(91011900,(5545529.0,12758.0))
(84626210,(5998244.0,470817.0))
(56074100,(3.1186079E7,1.4140507E7))
(39235090,(1.152477575E9,1.53656975E8))
(17029071,(2.6053672E7,1.5225235E7))
(48043158,(1.00859411E8,7.8605532E7))
(44072530,(157308.0,83824.0))
(84483900,(1.280294E7,670630.0))
(38070010,(614987.0,157803.0))
(8104030,(1.70407279E8,2.6670407E7))
(73143900,(7.9577536E7,6.0165031E7))
(54083300,(5215322.0,78268.0))
(71022900,(9.9295923E7,162.0))
(4059090,(2.1934499E7,3082885.0))
(7101000,(2.4884415E7,2.4012517E7))
(28469090,(5275619.0,78492.0))
(94069010,(9.835177E7,1.7585356E7))
(62113290,(5.7000349E7,1747091.0))
(39029010,(5207281.0,1211779.0))
(73021050,(1.3763072E7,9244344.0))
(29202900,(2.75996E7,6244337.0))
(2072630,(2738021.0,1831889.0))
(69039010,(4462922.0,947253.0))
(84135069,(6.9330185E7,1996920.0))
(81053000,(8521499.0,738735.0))
(20083079,(1068892.0,267668.0))
(84419010,(6.1469198E7,2106899.0))
(32019020,(8644570.0,1154752.0))
(74102200,(1055499.0,68733.0))
(19051000,(5.249616E7,1.0193338E7))
(39069050,(2948684.0,522151.0))
(88021200,(4.52858935E8,255747.0))
(84626910,(56650.0,8994.0))
(72179020,(2.2727873E7,1.4707903E7))
(11072000,(1.3656181E7,1.3687155E7))
(13023100,(9787641.0,340420.0))
(4039063,(454075.0,301465.0))
(2109100,(622432.0,132610.0))
(40169991,(1.74093692E8,1.2609908E7))
(95063990,(1.1687234E7,388851.0))
(92059030,(2417111.0,20968.0))
(88079090,(7.37035685E8,4756099.0))
(84595900,(2414367.0,1296533.0))
(85469010,(4.5187713E7,3088062.0))
(87111000,(7.5421221E7,6447877.0))
(8119080,(6541753.0,3182637.0))
(48172000,(7322535.0,350443.0))
