(25102000,(1.0356156E7,6.8339549E7))
(47069200,(1.1859748E7,3562447.0))
(3061290,(2.5185631E7,1305298.0))
(54076910,(2026485.0,243465.0))
(90189075,(4.6950045E7,349221.0))
(99500000,(2567865.0,48488.0))
(95030041,(2.64969597E8,1.3577352E7))
(6011020,(1910137.0,521120.0))
(61034300,(1.77839048E8,5620138.0))
(22042282,(8655220.0,6857063.0))
(85152100,(7.2875802E7,1135485.0))
(73181491,(7.1798773E7,1.2786029E7))
(73045110,(3.4455541E7,1.1581232E7))
(11031940,(2336929.0,3970534.0))
(87022010,(1.4708769E7,1046876.0))
(15081010,(10887.0,2823.0))
(84291100,(3.6919927E8,2.6760564E7))
(3035530,(2477777.0,2207086.0))
(72102000,(48070.0,4626.0))
(8055010,(2.11495501E8,1.57814327E8))
(57024190,(3928223.0,244725.0))
(24021000,(1.72474079E8,1184871.0))
(60053600,(2.1346509E7,2830185.0))
(87054000,(4.7487912E7,1.1979633E7))
(48192000,(1.176044123E9,5.14336274E8))
(82060000,(1.16945447E8,1.0864198E7))
(28209090,(1.3485918E7,2.0291373E7))
(22041015,(1.06894226E8,2.6538897E7))
(85043180,(1.64171257E8,6469112.0))
(61042910,(649502.0,54840.0))
(76129020,(1.06509869E8,8049179.0))
(39076100,(5.15764451E8,4.38954582E8))
(3046100,(338167.0,76465.0))
(96084000,(3.227479E7,1505274.0))
(28070000,(8.3042759E7,5.07782261E8))
(27121010,(145002.0,38454.0))
(28444290,(3316382.0,1609.0))
(44079699,(22087.0,27413.0))
(94039100,(4.88698285E8,2.0916588E8))
(72249007,(5.2942154E7,1.1783678E7))
(29012200,(4.0102918E8,4.37304083E8))
(19019095,(5.2094547E7,2.0754479E7))
(29335390,(1038918.0,3739.0))
(48237010,(2.3653015E7,1.0681936E7))
(94019990,(9.38789256E8,1.19408189E8))
(20089772,(2528559.0,1507541.0))
(44061100,(2572237.0,4873641.0))
(28013090,(1.8360192E7,4172621.0))
(33021040,(1.043889667E9,3.6508483E7))
(22089091,(7904246.0,246347.0))
(88061010,(3016185.0,2585.0))
(15180095,(1.34875417E8,1.30452865E8))
(20096919,(4072794.0,2399723.0))
(29054200,(4112876.0,2250780.0))
(4029159,(3512834.0,2432530.0))
(72192300,(2.5177296E7,7985161.0))
(73063072,(3.1603945E7,2.4776151E7))
(2101219,(6.4936242E7,9060250.0))
(93032010,(7512661.0,69907.0))
(10084000,(151522.0,176805.0))
(87113010,(1.59631234E8,7383465.0))
(76069100,(6.2853134E7,1.7900928E7))
(81069010,(388742.0,12464.0))
(55021000,(2.2360521E7,3207725.0))
(85479000,(6.573916E7,2696703.0))
(84051000,(4.4310505E7,1160224.0))
(20019030,(1509920.0,715177.0))
(22090099,(5.023819E7,6.7690759E7))
(60063400,(6713381.0,528304.0))
(28049000,(1339699.0,60358.0))
(84239090,(1.7517433E7,910686.0))
(72039000,(1.9667451E7,1.243046E7))
(84828000,(1.22287382E8,8773231.0))
(13021400,(1228940.0,16879.0))
(87044291,(978178.0,71625.0))
(3078300,(55107.0,825.0))
(2102010,(1378321.0,130129.0))
(97012200,(424759.0,27223.0))
(70139900,(1.66802172E8,2.8519119E7))
(85361050,(6.0354636E7,2223569.0))
(30033100,(1.9403333E7,453950.0))
(8062010,(2100843.0,684628.0))
(5080090,(1.8445821E7,6750825.0))
(84681000,(1.091623E7,344763.0))
(72169900,(4.4813618E7,2.5676157E7))
(44091018,(1.14311797E8,9.3314335E7))
(28139090,(1.435067E7,3448123.0))
(94037000,(2.30534224E8,4.6459033E7))
(11071091,(1508999.0,1133290.0))
(51129010,(2.221723E7,69162.0))
(3024911,(6290.0,1546.0))
(91111000,(2512628.0,383.0))
(76130000,(4.3076446E7,2272772.0))
(72299050,(160289.0,60402.0))
(84238180,(5743657.0,146406.0))
(31052090,(5.4956307E7,7.9839761E7))
(61159691,(7020841.0,452033.0))
(4015019,(9169647.0,1.4073294E7))
(20098963,(32896.0,14157.0))
(69119000,(2.5708302E7,2266411.0))
(28199010,(440716.0,92158.0))
(55014000,(1176228.0,372388.0))
(73181582,(4.7887648E7,1.0261928E7))
(84243010,(2.3532822E7,1498463.0))
(61091000,(2.880316321E9,1.15008112E8))
(90149000,(2.35669566E8,188424.0))
(39079110,(2.74111198E8,1.04767647E8))
(81059000,(9.3217251E7,913729.0))
(22042996,(1.5556305E7,1.4803821E7))
(55095200,(403438.0,29023.0))
(62041100,(2929295.0,20196.0))
(84182159,(4.9548848E7,7552931.0))
(85185000,(1.1016294E8,2584551.0))
(42032990,(3.1092977E7,424580.0))
(15219099,(1.5542554E7,5096336.0))
(72091899,(2.300865E7,2.4709414E7))
(72283041,(1.8009953E7,1.2160417E7))
(9109910,(2153917.0,1197018.0))
(20085019,(94.0,29.0))
(49070010,(1.5667366E7,257524.0))
(28332500,(1.6358186E7,5450189.0))
(51011900,(117500.0,113568.0))
(33019010,(2.7358911E7,7210295.0))
(4061030,(5.83352859E8,1.15093656E8))
(3023511,(468171.0,35908.0))
(71031000,(6456140.0,274721.0))
(85167920,(8.0914639E7,1.0341499E7))
(91149010,(3.7183762E7,86287.0))
(84433900,(7.6248688E7,8481647.0))
(84431338,(5438003.0,156691.0))
(88023000,(1.998773986E9,1186124.0))
(20084011,(5738.0,685.0))
(52094100,(2518060.0,82491.0))
(29031100,(2.1773295E7,2.5652469E7))
(68029100,(1.04706907E8,1.79380905E8))
(59031010,(2.3112636E7,2786030.0))
(29379000,(1.08948537E8,20144.0))
(4022915,(3056810.0,445137.0))
(39249000,(5.3139487E8,9.0301588E7))
(93063090,(4.1890385E7,1898484.0))
(42022210,(3.185991017E9,1.4790931E7))
(2101989,(2768308.0,297694.0))
(37023220,(11267.0,8.0))
(54075300,(2.552759E7,2833110.0))
(38241000,(2.6021703E7,2.0408547E7))
(2045051,(1.0066935E7,1178017.0))
(28402010,(214650.0,54757.0))
(51021910,(29003.0,1128.0))
(27101249,(4.50815522E8,4.92872858E8))
(25172000,(4391034.0,3.58760931E8))
(85393110,(6.8571738E7,8477231.0))
(61044100,(5.37524E7,616618.0))
(96190071,(1.36668471E8,4.6629213E7))
(85363010,(1.32659151E8,2750281.0))
(90072000,(1.4227936E7,61202.0))
(56074990,(1.8495299E7,3394624.0))
(30061030,(8249590.0,43421.0))
(96034090,(4.0127471E7,5925555.0))
(52122310,(4773419.0,142252.0))
(55163100,(147167.0,9912.0))
(87043199,(5421870.0,1379533.0))
(25081000,(5.7219168E7,1.87885171E8))
(84879051,(8759161.0,282882.0))
(81052000,(7.7953356E7,2681560.0))
(36033000,(2.0428816E7,681038.0))
(85381000,(5.54664719E8,6.2381466E7))
(78020000,(8.1679285E7,7.748208E7))
(95030055,(5.0208266E7,3330979.0))
(71101910,(6.0250651E7,6076.0))
(55063000,(9526973.0,612919.0))
(96035000,(6.6064148E7,5529283.0))
(2075599,(152855.0,43019.0))
(54078100,(3171441.0,800608.0))
(15011010,(2.1104068E7,1.708071E7))
(2032290,(1.108748E7,3154208.0))
(53061010,(1.5204664E7,2770810.0))
(3019500,(5532.0,342.0))
(85182900,(1.0779939E8,5079758.0))
(68042218,(4.2763637E7,5720705.0))
(72155011,(8595536.0,6343644.0))
(85416000,(6.3176823E7,958519.0))
(69120085,(5450842.0,1072588.0))
(72283020,(1.0524509E7,2218867.0))
(90189040,(9.9213701E7,366978.0))
(2072750,(2555804.0,816225.0))
(50040090,(1100472.0,13545.0))
(9092200,(2891846.0,867640.0))
(22042107,(5788503.0,2585428.0))
(37013000,(8.7925638E7,9516953.0))
(55122990,(6.4131959E7,3017503.0))
(90292031,(2.46645931E8,4800976.0))
(63022290,(3.2529257E7,5351613.0))
(19022091,(1.67505899E8,5.0266059E7))
(40012100,(4.6663986E7,2.4693846E7))
(4063039,(2.27463411E8,4.0258023E7))
(4032099,(6.3567503E7,2.1384139E7))
(1022991,(3.5127043E7,8991729.0))
(29141910,(33778.0,6626.0))
(91132000,(2.11630869E8,183749.0))
(84081023,(7610192.0,341887.0))
(50079010,(664115.0,5243.0))
(87081090,(6.71893803E8,4.022344E7))
(84541000,(834162.0,5855.0))
(24011060,(2490718.0,514192.0))
(72163390,(1.21906345E8,1.46313206E8))
(44091011,(1069975.0,209112.0))
(29214500,(984668.0,52927.0))
(20092999,(3295950.0,1333246.0))
(7123100,(2444916.0,238034.0))
(27101935,(8382719.0,1.0376721E7))
(20089940,(257042.0,33946.0))
(72106900,(6.5420835E7,6.0855579E7))
(39221000,(2.90498745E8,5.9004607E7))
(29302000,(1.2051693E7,4091677.0))
(39211200,(9.4812189E7,2.2736237E7))
(62113900,(5.0529061E7,881230.0))
(3011100,(1.1449339E7,252516.0))
(72221189,(1.9995224E7,6062955.0))
(22043010,(743968.0,265561.0))
(16010099,(2.88627449E8,7.4643672E7))
(70197300,(9626144.0,1388937.0))
(25291000,(2.3146866E7,2.45580175E8))
(58030090,(179789.0,4906.0))
(15159011,(7945263.0,959642.0))
(74112190,(2931594.0,167021.0))
(21021031,(1.6001914E7,2687730.0))
(84209900,(4992029.0,156618.0))
(27111294,(1.141756136E9,2.404039505E9))
(29393000,(9144451.0,370871.0))
(9109931,(292779.0,34086.0))
(19053199,(3.25588201E8,9.0330686E7))
(3045400,(1152168.0,80188.0))
(31042010,(1.6377622E7,4.2956934E7))
(20083059,(6214980.0,2821073.0))
(61101990,(9.0143596E7,590471.0))
(84212980,(1.596643244E9,3.1016638E7))
(85286920,(6504712.0,29675.0))
(89020010,(1096000.0,162390.0))
(84723000,(4.5189336E7,1206711.0))
(90271010,(3.73641354E8,1761729.0))
(29061900,(8.7444886E7,5065259.0))
(55070000,(8984187.0,437784.0))
(52054200,(6789887.0,810987.0))
(84804900,(1.7330032E7,870724.0))
(14049000,(5.9053107E7,1.12752488E8))
(53091110,(7013525.0,740170.0))
(14042000,(70046.0,24201.0))
(62032280,(4888634.0,240610.0))
(15149190,(2.1336542E7,1.6309724E7))
(7093000,(8.4172455E7,7.4680466E7))
(52052800,(583316.0,43535.0))
(25221000,(2.04768665E8,1.044336431E9))
(80030000,(1.6331261E7,642461.0))
(29173935,(1.5812937E7,1.0294726E7))
(85143210,(869.0,62.0))
(73110091,(9.469452E7,2.2426162E7))
(29012900,(1.50240925E8,9.8992911E7))
(52122590,(4441378.0,465616.0))
(84229010,(5.0031146E7,1368376.0))
(26209960,(5028808.0,4001599.0))
(55169400,(4494792.0,137680.0))
(62114341,(1.0410251E7,152937.0))
(85066000,(5.8523826E7,1353373.0))
(48030090,(4.8584797E7,1.8225241E7))
(58012100,(3227421.0,595090.0))
(48025680,(5.8080811E7,4.1929198E7))
(62045300,(1.72469169E8,3852615.0))
(62111100,(8.286257E7,1696667.0))
(38030090,(2352267.0,1378609.0))
(84762900,(6753169.0,235613.0))
(62102000,(1.3429757E8,4032424.0))
(84818011,(6.57694029E8,3.3541164E7))
(20098151,(91650.0,9750.0))
(72123000,(2.46749509E8,2.31532556E8))
(26159000,(1413.0,4.0))
(84178050,(904909.0,182113.0))
(84198910,(4.3531177E7,4769115.0))
(30045000,(3.22921845E8,2.1563886E7))
(73082000,(2.29272893E8,8.8100087E7))
(23031011,(9.4768421E7,9.0998266E7))
(8103030,(8004123.0,594026.0))
(44187310,(119110.0,91050.0))
(82032000,(1.56394333E8,7245377.0))
(29036980,(7310189.0,102865.0))
(74062000,(3871128.0,889737.0))
(85163300,(6416810.0,231596.0))
(71103100,(1619893.0,57.0))
(89069010,(4.0478626E7,1235887.0))
(8119039,(2715554.0,1144908.0))
(72162200,(6673173.0,6912670.0))
(44032190,(5684438.0,4.2369504E7))
(32131000,(4.5778429E7,5028369.0))
(61069090,(9936202.0,287623.0))
(3061430,(1.920632E7,2429329.0))
(25070080,(2.5044109E7,9.9692929E7))
(74198010,(9929220.0,246789.0))
(2081010,(2.6450512E7,5152037.0))
(47072000,(3.8275658E7,1.58536532E8))
(29332100,(3633115.0,787153.0))
(11042951,(2319682.0,1762821.0))
(15151990,(5176817.0,842045.0))
(39191012,(6.5534603E7,6921676.0))
(50072031,(2687239.0,19928.0))
(39209100,(8.6769727E7,1.2598035E7))
(91131090,(4.7934278E7,12063.0))
(84388099,(2.35566037E8,4879016.0))
(84139200,(5615869.0,180825.0))
(29329300,(3643059.0,151707.0))
(44189900,(2.19582452E8,9.7720439E7))
(41133000,(1.39246016E8,254555.0))
(63049100,(4.4078798E7,4051139.0))
(27160000,(9.122889906E9,0.0))
(39231010,(1.31994935E8,3.9712881E7))
(59113211,(3.6120814E7,730956.0))
(3063390,(2.7714527E7,4511863.0))
(40091200,(4.0168824E7,2352688.0))
(85339000,(9.3328842E7,709816.0))
(84717050,(4.41275974E8,2686151.0))
(21012092,(8.4193541E7,7093417.0))
(2032955,(2.71172161E8,8.6240124E7))
(2076005,(9497713.0,1681552.0))
(85389099,(2.252460957E9,8.338276E7))
(84331910,(7299117.0,608038.0))
(91069000,(9798990.0,292443.0))
(84522100,(9584434.0,192138.0))
(73202085,(1.0103243E7,799287.0))
(29161300,(4.338952E7,2.1148943E7))
(12019000,(3.76564314E8,6.77692091E8))
(84272011,(8.92535502E8,1.20654403E8))
(70200030,(2640560.0,191087.0))
(86039000,(146457.0,2590.0))
(84439990,(2.233379653E9,4.6594303E7))
(2071210,(2809549.0,1266448.0))
(72091710,(1163475.0,948663.0))
(64039936,(1.00151852E8,1201990.0))
(91118000,(1464243.0,10167.0))
(39234090,(6.8887698E7,1.1471322E7))
(97029000,(3.7002706E7,103690.0))
(28252000,(2.6909281E7,1167962.0))
(64035995,(1.45579844E8,1263516.0))
(3038190,(541791.0,120513.0))
(8059000,(7063649.0,4030041.0))
(39069030,(84339.0,19180.0))
(8026100,(369278.0,66709.0))
(32041400,(1.8122508E7,8784115.0))
(44014900,(7.8726669E7,1.005618338E9))
(44079510,(4124927.0,1.1340273E7))
(97012900,(3421650.0,2792.0))
(85491110,(3.6871792E7,4.3931857E7))
(36061000,(5774309.0,1073266.0))
(37040090,(642121.0,30111.0))
(90211090,(5.82478867E8,1547024.0))
(16055900,(1.490038E7,1627040.0))
(32089091,(3.79866863E8,6.5399642E7))
(7135000,(4.5904033E7,1.23051045E8))
(3019290,(2620858.0,218027.0))
(29331190,(8541326.0,344191.0))
(20085061,(1.9046238E7,8585938.0))
(54012090,(262940.0,13617.0))
(85322900,(9.7626895E7,1183853.0))
(55011900,(1.6954998E7,3816627.0))
(15131991,(2794437.0,558080.0))
(26180000,(1.13341175E8,2.114577809E9))
(73051900,(5322645.0,1937622.0))
(1042010,(1391018.0,191970.0))
(29309098,(2.52956387E8,5.5655987E7))
(62014010,(6.10388555E8,1.1886968E7))
(94015300,(1.3903456E7,1438663.0))
(84082010,(1.94716365E8,1.6946964E7))
(84431940,(436502.0,65406.0))
(87019210,(1.81640855E8,1.8620739E7))
(2031219,(1.04859224E8,4.1696192E7))
(61178080,(3.7195439E7,1205914.0))
(84219910,(4.9186367E7,2525827.0))
(4022999,(812460.0,223304.0))
(28121100,(1700002.0,198949.0))
(89033100,(4.8992018E7,1592438.0))
(61031010,(4133594.0,69495.0))
(87071010,(2.8048466E7,2459043.0))
(68022100,(6.0131014E7,1.07643976E8))
(3028180,(3094950.0,863656.0))
(29394400,(155174.0,1827.0))
(90229080,(1.39979622E8,970559.0))
(12119086,(1.96575425E8,2.9801409E7))
(7129050,(6415902.0,1861758.0))
(84182110,(2.8988909E7,6419506.0))
(61032200,(9240510.0,533252.0))
(29181600,(3.9310536E7,2.9333138E7))
(23062000,(3.3475429E7,7.5577747E7))
(89051090,(558.0,4712.0))
(55051030,(1429445.0,1863350.0))
(84632000,(2267045.0,313208.0))
(48045910,(5685120.0,6601996.0))
(84213925,(6.10019132E8,3.8101204E7))
(33074100,(2.685301E7,2730153.0))
(9083100,(3912293.0,254026.0))
(65070000,(2.8755225E7,591236.0))
(72249014,(6.6495596E7,8.718993E7))
(39081000,(9.37063344E8,2.32735992E8))
(20083031,(1012131.0,431609.0))
(84733080,(8.7169887E8,1.1192495E7))
(40121300,(2.6439168E7,2759613.0))
(72255020,(15593.0,1438.0))
(84842000,(5.32317639E8,2100609.0))
(22042128,(7928683.0,2782179.0))
(3028530,(8.3749094E7,1.518947E7))
(37024200,(1626.0,28.0))
(71049900,(2.3258078E7,17161.0))
(84513000,(5.4496524E7,1984225.0))
(84601900,(6469143.0,540643.0))
(38249925,(2.7673949E7,1.6995003E7))
(62179000,(2.6142165E7,1466542.0))
(84716070,(3.93905646E8,5327270.0))
(25199090,(1.6510324E7,4.3110399E7))
(85392998,(7659603.0,250576.0))
(82073090,(5.8043269E7,3567639.0))
(10021000,(5113843.0,1.0647562E7))
(44212090,(2.4205588E7,6105514.0))
(90184910,(6.6301368E7,448367.0))
(3089010,(2241162.0,141250.0))
(58042900,(1.1663142E7,134805.0))
(31039000,(7409692.0,1.8348318E7))
(86011000,(7.6970326E7,3845495.0))
(4069017,(1.5442205E7,1061047.0))
(73066110,(4.5093301E7,1.6377917E7))
(3053100,(98098.0,7523.0))
(20029019,(5.5975737E7,4.8594652E7))
(8093020,(6.7139254E7,4.3941868E7))
(46029000,(2.3301833E7,2550526.0))
(48234000,(2.1149814E7,6844692.0))
(29333955,(435170.0,6058.0))
(87149690,(3.0213205E7,1437932.0))
(95063200,(2.742694E7,1847810.0))
(7133390,(5.0933718E7,4.4225957E7))
(39259080,(4.0974532E8,1.07867499E8))
(44083955,(18316.0,8776.0))
(20099019,(207883.0,104429.0))
(85423119,(1.50276983E8,498538.0))
(48171000,(7.2931584E7,1.8823984E7))
(38101000,(5.1337071E7,7190631.0))
(71101980,(3.3606613E7,10186.0))
(21032000,(3.03778248E8,1.68440758E8))
(22011090,(5.4717046E7,2.11178662E8))
(84839081,(2.10908353E8,2.6438786E7))
(22042142,(2.262812437E9,1.5060684E8))
(22042177,(507485.0,189245.0))
(73181575,(5.0929691E7,6279305.0))
(29322020,(4209082.0,770863.0))
(84751000,(3837487.0,82368.0))
(51119091,(638277.0,5006.0))
(20099096,(1751717.0,1636274.0))
(55143010,(493121.0,44060.0))
(29182300,(2.3945023E7,4548002.0))
(4029110,(1.64046632E8,1.67783102E8))
(87012210,(7742890.0,4110462.0))
(2043000,(3057653.0,480141.0))
(73152000,(1.726242E7,1818168.0))
(82077031,(4.6272714E7,171553.0))
(25171020,(5.3895141E7,4.422977494E9))
(91029100,(3828821.0,36067.0))
(59119091,(2230621.0,58017.0))
(85115000,(1.029956867E9,7.0719452E7))
(44123330,(1.8340032E7,1.9518013E7))
(85122000,(1.464278742E9,4.9706899E7))
(84671900,(4.3297867E7,2147081.0))
(47032100,(4.78893144E8,6.57015606E8))
(82075050,(7.073854E7,185157.0))
(90251900,(2.62017916E8,1856056.0))
(28045010,(1402570.0,4488779.0))
(85049011,(5.5956132E7,8290986.0))
(44101210,(6.829355E7,1.25264028E8))
(28151200,(3.95958021E8,1.520525132E9))
(29155000,(3.6561796E7,4756573.0))
(62034919,(3.0484341E7,790247.0))
(16024911,(1.0198199E7,1257437.0))
(91101900,(1697656.0,996.0))
(84183020,(3.2461071E7,8109824.0))
(95051090,(1.46538188E8,1.6890574E7))
(94053100,(4.0319546E7,2954601.0))
(53072000,(666618.0,187302.0))
(55049000,(2239152.0,892489.0))
(10019110,(1841214.0,1972953.0))
(40122000,(6.7442473E7,7.2981505E7))
(29351000,(1759894.0,3218.0))
(29037610,(180.0,0.0))
(87169010,(6.8855531E7,1.4676329E7))
(28332920,(9095782.0,1.1617693E7))
(84569000,(1.2945195E7,140427.0))
(85045000,(2.95040321E8,1.0339902E7))
(90121000,(6.5052014E7,842510.0))
(1059930,(2.1883793E7,1.1135138E7))
(73181631,(2.5953038E7,841732.0))
(48219090,(2.0601768E7,3330542.0))
(85162950,(5.3798504E7,6676874.0))
(2042300,(4.7320683E7,5284199.0))
(39207910,(1235350.0,331469.0))
(85444210,(1.88279119E8,9030179.0))
(85164000,(2.94779129E8,1.7876348E7))
(94019920,(1.925445E8,2.5885004E7))
(27129039,(2.5717588E7,2.562756E7))
(44123190,(5.6664817E7,2.6616829E7))
(40169957,(1.20437281E8,9161613.0))
(56012900,(1745810.0,195256.0))
(84834090,(1.20732306E8,8296422.0))
(62024090,(2.87390406E8,8771013.0))
(4021011,(2.4276806E7,4628937.0))
(73051200,(6284705.0,4071598.0))
(39046980,(6.04827895E8,2.0679772E7))
(8129098,(1036829.0,914663.0))
(50072059,(1.0036004E7,125191.0))
(17049071,(8.5377191E7,1.5729883E7))
(39045090,(2.20033148E8,6.7903077E7))
(84859010,(1338168.0,17315.0))
(86071200,(1.0679608E7,530064.0))
(20093951,(16879.0,21215.0))
(34052000,(1.7630444E7,6893676.0))
(39122090,(1.841049E7,2193792.0))
(89033310,(1.95807901E8,4899048.0))
(72189920,(3.3139211E7,5125163.0))
(72254040,(4.69562792E8,1.75644868E8))
(60033090,(8551926.0,337746.0))
(60054300,(197935.0,59749.0))
(15099000,(5.5669004E7,7976815.0))
(24031990,(2.2421468E7,2356456.0))
(40115000,(7.7174658E7,5006674.0))
(3061794,(919.0,44.0))
(29990002,(1.8403728E7,3047847.0))
(48181010,(4.51671169E8,2.35610726E8))
(89080000,(2119199.0,6878017.0))
(87149130,(2.8482189E7,844909.0))
(82077010,(4.9104186E7,182830.0))
(62114390,(5.08767132E8,1.0361775E7))
(73159000,(9319517.0,1590880.0))
(94036090,(1.144704166E9,4.30186516E8))
(3021110,(4973346.0,431328.0))
(72171090,(9.4337195E7,4.8605032E7))
(79070000,(1.89360082E8,2.179517E7))
(25174100,(1.5363888E7,1.2721543E8))
(72199020,(6305159.0,627610.0))
(72166190,(6.773803E7,3.9894383E7))
(69022099,(1.59324251E8,6.4069836E7))
(73181568,(5.8179386E7,1.3318288E7))
(44071110,(5.6032195E7,6.9289798E7))
(51053900,(1279062.0,45631.0))
(38112900,(1.98985846E8,4.2453767E7))
(76061211,(8.23923857E8,2.62724957E8))
(84863000,(1138834.0,4959.0))
(38255000,(710962.0,298990.0))
(39269097,(6.56281976E9,6.12622863E8))
(2072680,(1743884.0,520658.0))
(52052100,(853131.0,118249.0))
(55151130,(1759511.0,129612.0))
(39171090,(9.5170514E7,7157774.0))
(15159039,(192726.0,73651.0))
(84089045,(7.5241147E7,4722823.0))
(64031900,(1.53355387E8,7084852.0))
(73259100,(4996630.0,2667621.0))
(56039290,(1.13111161E8,2.186688E7))
(29343090,(3.7548322E7,1015565.0))
(85162999,(5.4638278E7,5006140.0))
(29173200,(1199318.0,707174.0))
(3024400,(2.5442963E7,8325117.0))
(87029031,(1145262.0,42550.0))
(20086090,(170425.0,34901.0))
(62032210,(7535394.0,497340.0))
(91139000,(2.45124509E8,324749.0))
(97052100,(664996.0,2369.0))
(44124191,(257428.0,62414.0))
(2089060,(61956.0,55371.0))
(72163299,(6476656.0,5481178.0))
(39072999,(1.34815052E8,2.4883867E7))
(3055970,(742.0,103.0))
(97019200,(7901786.0,3717.0))
(56021090,(2.9429293E7,5570638.0))
(35021990,(2.0962237E7,1.1752405E7))
(85021200,(1.6738304E8,1.6616566E7))
(85011099,(9.93752704E8,4.6172638E7))
(95072090,(1.3236169E7,293659.0))
(1041030,(6.1711928E7,1.3456596E7))
(61046900,(8.3636471E7,3049872.0))
(7131010,(3.7505792E7,2.346881E7))
(16022090,(1.1065224E7,3040706.0))
(16041438,(1.95159594E8,3.1022835E7))
(29163400,(301762.0,19327.0))
(29362900,(1.13494878E8,7891463.0))
(27101270,(354178.0,274034.0))
(11042398,(900448.0,1360871.0))
(84594900,(1674741.0,213608.0))
(84642080,(1.8292258E7,832202.0))
(2023050,(5241310.0,895173.0))
(17029079,(1.21315076E8,1.10012431E8))
(47041900,(28840.0,3212.0))
(64029905,(1.8692787E7,921110.0))
(3073190,(896485.0,252451.0))
(28269010,(43403.0,1450.0))
(2071420,(1.473785E7,9406551.0))
(28413000,(1981334.0,612677.0))
(94054990,(1.32780982E8,5920198.0))
(92059010,(1910953.0,11969.0))
(84614031,(1382559.0,85500.0))
(39172210,(3.1721579E7,1.3962875E7))
(84829190,(1.13075312E8,1.6294412E7))
(74092100,(1.07936165E8,1.3771675E7))
(7108085,(8866631.0,2044774.0))
(63029990,(1.1657488E7,1012184.0))
(83015000,(1.145979E7,790770.0))
(60041000,(1.34350626E8,1.3899342E7))
(39206300,(1.2375693E7,1598621.0))
(16042040,(3115844.0,393541.0))
(28182000,(4.57204999E8,8.947608E8))
(21069030,(6812226.0,1216540.0))
(84678900,(2.06869352E8,8104439.0))
(29122100,(4113161.0,207437.0))
(85235190,(1.680893E8,345685.0))
(84158100,(3.96585562E8,2.8057688E7))
(17029030,(1076313.0,169747.0))
(84335200,(1.1219472E7,1235711.0))
(3072210,(5.0299458E7,5447926.0))
(62046231,(6.25034118E8,2.2933917E7))
(29183000,(1.10857716E8,1.3168574E7))
(90330090,(1.38672549E8,1528755.0))
(3027900,(7290057.0,878228.0))
(73182100,(8.4873464E7,6348757.0))
(20098935,(849878.0,658946.0))
(72269930,(2.3967302E7,1.9465501E7))
(15042090,(2.49895555E8,4.9556531E7))
(28273910,(4615578.0,266233.0))
(22042191,(1995938.0,289504.0))
(29232000,(1.02727717E8,1.0438752E7))
(28299040,(339684.0,50778.0))
(72085291,(7.2408663E7,7.4689682E7))
(59112000,(1.6940086E7,784518.0))
(9041100,(6.1330014E7,1.0115271E7))
(38273200,(46606.0,10817.0))
(28364000,(4.7861713E7,2.9000788E7))
(61079100,(5341563.0,384883.0))
(35052090,(9396381.0,1.044208E7))
(68029310,(6.5953853E7,6.9597864E7))
(3025415,(20214.0,3875.0))
(11041999,(1904756.0,1078992.0))
(84314200,(7694666.0,1320596.0))
(72173050,(188679.0,126500.0))
(29092000,(2.3573443E7,542537.0))
(87036010,(5.787082889E9,2.84407951E8))
(49060000,(9121620.0,272025.0))
(87082210,(8789999.0,885896.0))
(29162000,(1.5277733E7,390477.0))
(44123400,(2.5358573E7,8794255.0))
(70109079,(1.72653546E8,3.8249948E7))
(69120029,(5.111668E7,1.3726108E7))
(85472000,(1.58832263E8,7295780.0))
(53082010,(221383.0,12648.0))
(16024190,(7600948.0,801612.0))
(3047500,(2.21046749E8,6.4544058E7))
(88069200,(14528.0,45.0))
(3044490,(7.9565521E7,9392622.0))
(91101200,(78358.0,505.0))
(43021915,(996800.0,4574.0))
(29089900,(2911412.0,1387123.0))
(38248700,(127103.0,1253.0))
(44039400,(1.3464906E7,1.1281233E8))
(96190050,(3.7787071E7,2936316.0))
(2072799,(2916102.0,1348058.0))
(29037400,(1.4219576E7,3472650.0))
(43016000,(98340.0,2103.0))
(55151319,(2433642.0,97927.0))
(29414000,(5196455.0,50450.0))
(20088050,(3.2563655E7,1.3359596E7))
(62053000,(1.14334855E8,3097530.0))
(84251900,(3.66174E7,2139244.0))
(8119095,(1.2436021E8,5.0685695E7))
(29152900,(2.1471947E7,1.2393128E7))
(62144000,(2.3791484E7,2533585.0))
(85255000,(7.1253331E7,477290.0))
(8119011,(6234530.0,2252639.0))
(84186100,(1.045538264E9,7.2957191E7))
(85322200,(7.3627944E7,1949941.0))
(85365005,(6.1751344E7,915070.0))
(55159110,(962523.0,49064.0))
(29171100,(1.0641311E7,4349321.0))
(3027200,(442837.0,157841.0))
(28161000,(9908688.0,7077584.0))
(29034600,(5.4077524E7,642551.0))
(84688000,(1.3820313E7,622305.0))
(94042110,(1.0672221E7,1776078.0))
(87082910,(8.79954699E8,2.14698823E8))
(20019065,(1.0675872E7,4270966.0))
(83071000,(3.06408838E8,1.8533615E7))
(43021999,(3452698.0,44226.0))
(12129180,(467225.0,5745993.0))
(39199020,(1.501336E7,4673173.0))
(85041080,(4.1114867E7,1015088.0))
(51121100,(4.9549846E7,506106.0))
(22083071,(3.45058731E8,8.244761E7))
(85491320,(1114577.0,557821.0))
(74101200,(8581800.0,186199.0))
(84199085,(5.10728618E8,1.9741245E7))
(94059190,(4163047.0,138039.0))
(84672110,(1.5955608E8,7132804.0))
(19043000,(1.3783239E7,1.0421801E7))
(95061121,(1.624561E7,305319.0))
(72139170,(4.5554894E7,5.271696E7))
(85016300,(4.5555606E7,7142605.0))
(7114000,(3.0427712E7,2.2878921E7))
(3055200,(1448.0,267.0))
(38271100,(325374.0,50653.0))
(82059090,(2.9557353E7,1294878.0))
(87045299,(444.0,2720.0))
(84601200,(6905588.0,376533.0))
(20081995,(3.9158025E7,5621204.0))
(81121300,(309346.0,9623.0))
(72149971,(3.5166428E7,3.1219378E7))
(89052000,(2060587.0,355805.0))
(22042296,(3806450.0,1717995.0))
(3028950,(8.5182311E7,7502743.0))
(32141010,(7.08758797E8,1.50318526E8))
(3074940,(4758326.0,654815.0))
(16041991,(1.7465984E8,3.5357564E7))
(52053500,(35095.0,1773.0))
(87083099,(7.12614713E8,1.12294225E8))
(10049000,(3.3050145E7,1.1642285E8))
(29389010,(441379.0,3224.0))
(29400000,(1.64122413E8,3.7452037E7))
(90328900,(1.752776685E9,1.3705886E7))
(85161011,(3.0609819E7,1331221.0))
(12072900,(817901.0,23768.0))
(72104100,(2514653.0,2234379.0))
(83113000,(3.0824063E7,992411.0))
(75030090,(7.5378729E7,1.0861437E7))
(69049000,(3917115.0,3443474.0))
(84199015,(9323001.0,120313.0))
(3035390,(299202.0,295139.0))
(63079095,(5654002.0,927329.0))
(90015041,(3.79285017E8,2004223.0))
(85364900,(6.15111394E8,1.3208696E7))
(33072000,(5.02281814E8,5.3241342E7))
(28042910,(3.92710661E8,4321795.0))
(61081900,(3920960.0,90131.0))
(84121000,(3.5908922E7,56102.0))
(85101000,(9.4082453E7,1536704.0))
(76042990,(9.27033789E8,1.67619978E8))
(12102090,(1.3106846E7,8286630.0))
(16023119,(7.1902492E7,1.2752424E7))
(84232090,(782529.0,16510.0))
(44209010,(4123209.0,121573.0))
(73043983,(3.7333848E7,2.6341882E7))
(23099051,(1.26646371E8,1.98753549E8))
(95059000,(1.28955996E8,1.0277506E7))
(1022921,(5602050.0,1014314.0))
(28469070,(7697578.0,125421.0))
(3024330,(836845.0,348420.0))
(17049099,(1.89120433E8,3.6035967E7))
(85087000,(1.07661886E8,5922603.0))
(30031000,(2.4105178E7,227627.0))
(33079000,(6.99145242E8,7.9790325E7))
(38231200,(2.2685135E7,1.3490865E7))
(48239040,(2.5364848E7,1.0177937E7))
(20089919,(1003045.0,275591.0))
(3056950,(218436.0,11890.0))
(3038939,(512126.0,157118.0))
(51112000,(1088657.0,39403.0))
(3044910,(2922256.0,248835.0))
(52085910,(1847405.0,128950.0))
(20089716,(55393.0,16340.0))
(84073491,(1.93821334E8,1.4182571E7))
(20060099,(4012626.0,395925.0))
(85423231,(2.2715788E7,25203.0))
(52063300,(4475451.0,366069.0))
(4081120,(847594.0,382045.0))
(87141010,(3.7066317E7,851809.0))
(8045000,(1.62307776E8,6.6300691E7))
(84281020,(3.44183963E8,4.0023163E7))
(44185000,(4159968.0,1442947.0))
(11029070,(5228096.0,9845336.0))
(90058000,(2.343211E7,545042.0))
(85065090,(8.9970451E7,2847736.0))
(92071050,(1.7080256E7,424644.0))
(68041000,(912046.0,147589.0))
(37061020,(31818.0,352.0))
(3034410,(3627271.0,2190439.0))
(58063900,(9560140.0,484751.0))
(29280090,(1.04712075E8,3499138.0))
(1064900,(2.2174583E7,1024895.0))
(64041910,(9.1272124E7,7945832.0))
(20093111,(2360894.0,1453160.0))
(61121100,(6.5084566E7,1968090.0))
(91052900,(3195918.0,148453.0))
(29225000,(1.41700262E8,2.118004E7))
(31025000,(6252254.0,4043659.0))
(62033911,(3513239.0,62126.0))
(88079021,(2.46117708E8,16479.0))
(64039950,(7519086.0,253420.0))
(85365019,(2.97542657E8,2801199.0))
(84331959,(4404339.0,295059.0))
(38089317,(4.3801331E7,7018850.0))
(55142100,(4086926.0,275692.0))
(29071910,(2952499.0,1083964.0))
(84221100,(3.36461306E8,6.577045E7))
(23023010,(2.9289307E7,1.44612712E8))
(15092000,(7.27110482E8,1.01313306E8))
(61052010,(1.05177504E8,2931744.0))
(90278990,(5.79390631E8,3103884.0))
(29022000,(2.96904889E8,3.1469224E8))
(84149000,(1.062994281E9,5.0080883E7))
(21022011,(1188611.0,97761.0))
(3063299,(1106820.0,29641.0))
(85153990,(2.4874608E7,1252457.0))
(83014090,(1.36430503E8,6341077.0))
(13023290,(4.8334507E7,7838592.0))
(84137051,(7.427225E7,4186561.0))
(4049081,(4919957.0,2085304.0))
(84768990,(6.6561995E7,6404736.0))
(85182200,(5.26504953E8,1.7508801E7))
(63026000,(3.09957353E8,3.6591843E7))
(61072100,(5.9256046E7,3456681.0))
(8012100,(3496362.0,496427.0))
(58079090,(4915473.0,105040.0))
(29124200,(3.2635757E7,2089532.0))
(15161090,(1.0055847E7,1418064.0))
(20089793,(2630433.0,1027274.0))
(41015050,(5286784.0,4189773.0))
(39211900,(4.11944587E8,8.3119881E7))
(85021340,(8.3934203E7,6106043.0))
(20059910,(1.1597489E7,3001138.0))
(2062999,(6.5383645E7,3.2066288E7))
(7096010,(4.77366141E8,2.49671231E8))
(72251100,(1.40141957E8,5.7844935E7))
(84615011,(1.2779564E7,694072.0))
(29094100,(1.1977203E7,1.3351866E7))
(11081990,(1.098148E7,1.1313807E7))
(3049530,(782949.0,266256.0))
(16041319,(5.1366991E7,1.148529E7))
(29061200,(3138987.0,104708.0))
(84269190,(6.7325412E7,9245159.0))
(27129011,(9.0,0.0))
(82011000,(1.1501464E7,2264142.0))
(3035929,(215876.0,71215.0))
(2071350,(5.5715705E7,1.0972629E7))
(4079090,(4159674.0,1402383.0))
(85299065,(1.191606E8,643791.0))
(28291900,(321904.0,171510.0))
(39074000,(1.90097288E8,5.3681206E7))
(62034233,(2.0055275E7,541767.0))
(62123000,(8429183.0,253695.0))
(57019010,(4110552.0,217532.0))
(72029200,(1.3481668E7,582326.0))
(1022130,(1.3575577E7,3331204.0))
(16041431,(1.5231187E7,2356373.0))
(29362200,(1.1853282E7,584193.0))
(87045110,(306000.0,42880.0))
(61178010,(2.9347592E7,1090376.0))
(72210010,(1.46023165E8,3.1523658E7))
(95073000,(5.146294E7,870869.0))
(10062013,(3886330.0,2970465.0))
(55112000,(7177736.0,460912.0))
(19059030,(7.130008E8,4.18642649E8))
(31021010,(6.60748615E8,1.821070619E9))
(15159060,(3.4643361E7,1.087962E7))
(20089751,(2855060.0,1184021.0))
(25232900,(3.55812218E8,2.871290417E9))
(4069073,(4661211.0,536127.0))
(83022000,(6.0965825E7,6310437.0))
(59113190,(1175493.0,61404.0))
(15155091,(7433647.0,1287597.0))
(73089098,(1.446146719E9,5.43006766E8))
(29144010,(5753793.0,3509809.0))
(45049080,(6939013.0,1180079.0))
(29053920,(9591637.0,2041052.0))
(84621990,(2388250.0,331388.0))
(73121081,(2.2441948E7,6286713.0))
(8129070,(1341515.0,401725.0))
(84597000,(4687567.0,317314.0))
(66039010,(1018863.0,127753.0))
(52061200,(5917052.0,1824848.0))
(6022080,(3.0738678E7,1.7254179E7))
(19052030,(2.09166E7,5415100.0))
(85232915,(6.8589806E7,814033.0))
(23080011,(1045768.0,2056245.0))
(82053000,(9191337.0,576082.0))
(12074090,(2.5313974E7,9428964.0))
(85272192,(208928.0,2568.0))
(48201030,(1.01855664E8,1.7024739E7))
(54082300,(1620967.0,45128.0))
(73269096,(2.943963E7,6204238.0))
(32159070,(2.22190377E8,1.6919576E7))
(87088055,(1.05928789E8,1.952466E7))
(31022900,(1.4485236E7,4.5683299E7))
(20091200,(3.84589551E8,4.48545045E8))
(54077400,(1039827.0,43478.0))
(73145000,(5.3223143E7,2.7008724E7))
(63022990,(5366185.0,406675.0))
(90138080,(9609800.0,74818.0))
(22043094,(20577.0,28915.0))
(84772000,(5.2845457E7,2996929.0))
(7019010,(6.6275784E7,2.089749E8))
(30044300,(5506865.0,71124.0))
(70052925,(1.7135216E7,2.4939836E7))
(3044210,(3886191.0,328733.0))
(95082100,(2.8584082E7,801243.0))
(84332050,(2.37536368E8,3.0078325E7))
(33011310,(1.9610175E7,1297766.0))
(85072020,(1.40935792E8,3.4018883E7))
(72149950,(1.8818031E7,2.0758142E7))
(48041990,(4.2861508E7,4.7696005E7))
(29038100,(2700.0,54.0))
(29395100,(267.0,0.0))
(87042191,(1.0378408774E10,8.74081529E8))
(20084039,(3791.0,1975.0))
(28301000,(2173903.0,5862005.0))
(41071190,(9211471.0,217119.0))
(39046910,(6052863.0,327488.0))
(84411010,(1.1194081E7,372511.0))
(3072910,(2156525.0,113794.0))
(85044083,(4.28588253E8,7975314.0))
(15141910,(8.9173731E7,8.3036814E7))
(52083299,(5387921.0,1053559.0))
(28051100,(4.7452292E7,1.7792976E7))
(30021200,(2.544777739E9,8317940.0))
(85423245,(2.0621392E7,41702.0))
(38160010,(6048213.0,7283826.0))
(10011900,(2.88235835E8,8.59860387E8))
(22042982,(1.9017709E7,2.4940898E7))
(61046200,(6.16357369E8,3.1796719E7))
(85094000,(2.7858882E8,2.279314E7))
(58109190,(1444522.0,41847.0))
(61124110,(3.5201847E7,394492.0))
(3048949,(5190909.0,1224351.0))
(16052190,(1.4053548E7,1683289.0))
(90015020,(1.8203738E7,110670.0))
(52103200,(1269563.0,45789.0))
(3021180,(981905.0,114827.0))
(40103100,(8.7414621E7,2577145.0))
(28112910,(245099.0,117773.0))
(16042005,(4.1605725E7,1.0584724E7))
(20091991,(47557.0,22370.0))
(84122120,(3.27124027E8,7560028.0))
(85234910,(2.13446382E8,4277013.0))
(85318070,(1.233942329E9,1.0912985E7))
(72081000,(4.5710428E7,5.9228582E7))
(20091998,(9.8224196E7,4.4228281E7))
(71059000,(196647.0,1634.0))
(72193490,(1.27307335E8,5.3347997E7))
(15132950,(2973.0,1905.0))
(70196600,(1.9089683E7,3864924.0))
(85366930,(3.04224906E8,4246108.0))
(26040000,(1473742.0,182362.0))
(45011000,(2579741.0,402309.0))
(87116090,(2.76651598E8,1.6286911E7))
(1022949,(1.38546791E8,3.5260294E7))
(31053000,(2.02164143E8,3.54708551E8))
(15162098,(1.1004415E8,3.8011994E7))
(54024900,(5.3673464E7,7627754.0))
(27132000,(6.11927058E8,1.338759483E9))
(4081981,(8.4780373E7,2.3113242E7))
(7102100,(1.04685106E8,7.6097833E7))
(56049090,(2570348.0,189984.0))
(22089056,(1.189113E7,574164.0))
(27079920,(131.0,0.0))
(44079139,(1.0081313E7,9938503.0))
(12089000,(5176484.0,6776339.0))
(10063042,(4930882.0,4101025.0))
(87089420,(8.6434394E8,7.8746934E7))
(3022300,(6.3966748E7,3634842.0))
(27040090,(1.5535116E7,2.2080694E7))
(84709000,(2.3428413E7,554484.0))
(85022040,(1.0941873E7,1046602.0))
(15132110,(1.2970706E7,9445329.0))
(56081990,(1.904003E7,3482196.0))
(23091015,(212329.0,62867.0))
(27101921,(6.040242235E9,7.228408152E9))
(3023210,(2847964.0,901762.0))
(3038960,(2206.0,442.0))
(84592100,(1.7413772E7,873137.0))
(28399000,(8375057.0,4.0189596E7))
(62042990,(3.6116625E7,679660.0))
(22042198,(8.1656349E7,5246228.0))
(33051000,(9.23206252E8,2.96629609E8))
(25249000,(10.0,0.0))
(72071116,(2.19339333E8,4.01330943E8))
(87089910,(1.285473239E9,1.10437088E8))
(10063098,(2.84195956E8,2.38960331E8))
(84818039,(3.2401109E7,1653600.0))
(87042310,(2315313.0,956599.0))
(29143100,(37.0,1.0))
(3074240,(59111.0,12282.0))
(72072019,(5261.0,4012.0))
(15156099,(2428247.0,94056.0))
(29171310,(1.4204898E7,3242054.0))
(85153913,(3812550.0,315347.0))
(69021000,(8.0087811E7,6.2149675E7))
(3048921,(2202753.0,276859.0))
(31059020,(2.2137976E7,3.4031152E7))
(61032900,(372509.0,12339.0))
(56031310,(4.5229168E7,4911422.0))
(84163000,(1.1833705E7,399326.0))
(3074331,(2.2603917E7,2952997.0))
(85441900,(4.1874581E7,2743593.0))
(20082051,(5356959.0,1642754.0))
(59050050,(86866.0,1039.0))
(3047990,(4310764.0,513426.0))
(22084051,(1.0725871E7,2033162.0))
(54026300,(562057.0,48215.0))
(72223051,(1.9701346E7,2684483.0))
(20087098,(3370807.0,1853333.0))
(28275100,(8886682.0,1984301.0))
(85437007,(892583.0,13510.0))
(84122981,(2.1316029E8,1.1617007E7))
(2101940,(1.6708225E7,5097336.0))
(15162091,(1.1864234E7,3981169.0))
(33029090,(3.982232915E9,1.48878745E8))
(2091090,(6329405.0,5497313.0))
(9109105,(1.0581346E7,1648700.0))
(44032400,(2.1316647E7,1.250231E8))
(58041010,(4617940.0,83120.0))
(94051140,(5.0403E8,8.0591367E7))
(29333500,(126773.0,420.0))
(17023010,(4588189.0,4002446.0))
(64061090,(2.0033939E7,1012821.0))
(84137030,(5.03678929E8,2.7099939E7))
(84439199,(9.4097277E7,1879737.0))
(59090090,(1.861677E7,2745647.0))
(84626190,(2.2451415E7,3569433.0))
(73012000,(3.5014192E7,1.2997074E7))
(84631090,(3336313.0,56996.0))
(72119080,(1.7298028E7,9001367.0))
(41044919,(594685.0,44038.0))
(16051000,(3.2338838E7,3044003.0))
(8104010,(493530.0,61653.0))
(10063049,(25818.0,14589.0))
(6022010,(3.4813714E7,1538929.0))
(27102019,(15900.0,1123.0))
(48236100,(5426767.0,1205803.0))
(90181200,(2.48678233E8,1176822.0))
(61059010,(1.2094085E7,33683.0))
(82041100,(1.1086655E8,7408904.0))
(7095100,(7.147054E7,2.8351423E7))
(28401100,(6128273.0,5693294.0))
(10063063,(3571266.0,2455178.0))
(29089200,(2488.0,405.0))
(6029045,(5.7308911E7,1.4480808E7))
(72224010,(1.5337936E7,2931655.0))
(26110000,(470677.0,229822.0))
(20082079,(1.107419E7,6035658.0))
(55162400,(8709926.0,376799.0))
(72283069,(1.98238361E8,1.47660611E8))
(32012000,(1350898.0,593241.0))
(55152299,(1233447.0,35644.0))
(11042930,(503513.0,566975.0))
(29314600,(100215.0,10018.0))
(29153600,(687.0,169.0))
(88072000,(2.928514896E9,1.1773253E7))
(46019305,(13776.0,9753.0))
(84082031,(2472749.0,244683.0))
(76032000,(1.0271018E7,818496.0))
(3054920,(159158.0,12733.0))
(84849000,(2.81997124E8,5469248.0))
(27101221,(4.40290652E8,5.3968727E8))
(52101100,(7385391.0,1701996.0))
(82055100,(8.4756181E7,7462004.0))
(56075011,(5.6736112E7,3986563.0))
(74031200,(347266.0,84649.0))
(2061095,(5.7703018E7,7662536.0))
(29029000,(7.5625948E7,4.280873E7))
(22089077,(665625.0,76400.0))
(81101000,(8.8622082E7,8082987.0))
(29221500,(2.735897E7,2.1739909E7))
(6029010,(4.3766603E7,3.698361E7))
(15179010,(2.1791578E7,1.0077533E7))
(37069091,(4899.0,950.0))
(26131000,(4.206667E7,1994094.0))
(84639000,(3.4998487E7,935829.0))
(29224300,(15160.0,157.0))
(55095900,(8951682.0,1058029.0))
(84123100,(1.12492623E8,3428614.0))
(64034000,(1.86116694E8,1.007053E7))
(62034331,(1.1357878E7,464444.0))
(84799020,(9.4261581E7,5050502.0))
(4041038,(91239.0,46506.0))
(15211000,(1.6658333E7,1979078.0))
(44119410,(3.8509632E7,3.5734865E7))
(84672985,(1.4060569E8,5470652.0))
(29397200,(42088.0,85.0))
(39259010,(3.03484998E8,4.6620383E7))
(60034000,(1580979.0,92569.0))
(48185000,(1.6749499E7,2527273.0))
(55093100,(4332742.0,799616.0))
(62031930,(1662278.0,37460.0))
(51031010,(619313.0,136876.0))
(50020000,(1.8947872E7,228981.0))
(76081000,(1.5048065E7,2185101.0))
(22042233,(14978.0,2934.0))
(30066000,(8.5995989E7,2749780.0))
(85024000,(1.5825395E7,561334.0))
(44092999,(4.4491531E7,3.0585142E7))
(2085000,(5055.0,128.0))
(84797900,(5605379.0,166529.0))
(72125030,(1.7233268E7,9071885.0))
(84562000,(5475180.0,94521.0))
(44189200,(9140990.0,7633676.0))
(28331100,(2.3649109E7,7.7217738E7))
(22042184,(1.80670028E8,6.9177403E7))
(64035911,(2.25052968E8,935740.0))
(55121100,(9747443.0,2595837.0))
(26209995,(2.385013E7,1.13813134E8))
(38051090,(4.4393194E7,1.9000488E7))
(84081051,(1.378514E7,404117.0))
(2042230,(8.3388962E7,6847996.0))
(56029000,(1.0654801E7,2642809.0))
(20079993,(1.2526601E7,2893621.0))
(11041950,(2416740.0,7527828.0))
(44079391,(1833.0,64.0))
(63071010,(5.848384E7,6571215.0))
(11031310,(2.9141302E7,5.2789438E7))
(82130000,(4.2716767E7,2954605.0))
(11063090,(4.7979345E7,9176289.0))
(68069000,(1.55152601E8,6.5567356E7))
(24011095,(734149.0,207016.0))
(74031900,(2.7887077E7,4701447.0))
(72165091,(1.3683776E7,9194084.0))
(52115100,(320915.0,26960.0))
(73079319,(2.0133855E7,3487024.0))
(70010099,(2473106.0,1.5956347E7))
(12092311,(799919.0,254815.0))
(84581180,(2.0147175E7,1869233.0))
(51072051,(2007696.0,84221.0))
(39129090,(4.0471408E7,4074386.0))
(72044110,(1.40586977E8,3.77656151E8))
(85371095,(2.2659457E7,256960.0))
(3028929,(1.1352948E7,1602717.0))
(72193210,(2.03651133E8,7.2576706E7))
(56050000,(2.1040749E7,611352.0))
(44199000,(7.9891072E7,1.4672559E7))
(44072510,(159909.0,105119.0))
(84201010,(349537.0,259452.0))
(95045000,(1.718103709E9,2.049595E7))
(3061500,(1.28395322E8,1.1936517E7))
(8112039,(4971777.0,2145596.0))
(62113242,(692724.0,24183.0))
(84803010,(2065259.0,162540.0))
(51072030,(258242.0,3334.0))
(28053039,(72697.0,1225.0))
(91022100,(2.380699482E9,325762.0))
(49011000,(1.47119483E8,2.8394934E7))
(52071000,(4.0462316E7,2179096.0))
(15180039,(1.3320476E7,9528710.0))
(55129990,(4.1788669E7,847143.0))
(8083010,(1.4714965E7,1.2017785E7))
(72287010,(9600400.0,4894990.0))
(3049929,(229263.0,36500.0))
(95030069,(8.4511922E7,1.4009779E7))
(2099000,(4391903.0,8851490.0))
(94056180,(4.7949041E7,1576333.0))
(29333920,(99.0,0.0))
(12079991,(1.3885025E7,1.20013E7))
(84322950,(1.7625473E7,2398218.0))
(2076061,(1154050.0,155002.0))
(22082028,(2171816.0,198008.0))
(71131100,(3.61838407E8,2095036.0))
(87019490,(1.8699733E7,4130397.0))
(73194000,(2356438.0,177120.0))
(7070005,(1.26299525E8,9.6857479E7))
(81089030,(4.09006649E8,9546252.0))
(53110010,(469494.0,12406.0))
(68101900,(8.4362845E7,3.13215289E8))
(72254012,(2.5104541E7,1.0614372E7))
(48041115,(4.4420173E7,7.1357562E7))
(73269040,(2.24962199E8,9.9144562E7))
(60052200,(1.9217891E7,766692.0))
(84431100,(9555261.0,1203388.0))
(52084300,(1983816.0,54456.0))
(39191019,(5.3974468E7,7223451.0))
(96151900,(3.4401436E7,1170445.0))
(8101000,(2.60855161E8,7.4544091E7))
(86079110,(2.255599E7,2460448.0))
(90275000,(5.73231997E8,2054831.0))
(31055100,(2.1240225E7,4.595645E7))
(68128010,(19639.0,1923.0))
(16055200,(7687928.0,607386.0))
(29222900,(4.4782591E7,4897157.0))
(29241100,(5290.0,208.0))
(84552200,(1.1765852E7,444299.0))
(62151000,(8.4680494E7,408374.0))
(55152110,(450097.0,14222.0))
(22082014,(2.1839023E7,821001.0))
(20059980,(2.09163627E8,1.03590736E8))
(48103100,(3.6956436E7,2.0114305E7))
(48025400,(1.8566363E7,8771832.0))
(3049390,(16459.0,2970.0))
(61101290,(3.42892295E8,1386125.0))
(73064080,(1.57189543E8,3.4520966E7))
(72139149,(5.7529369E7,8.2827469E7))
(61013090,(7.8159056E7,2400421.0))
(72222029,(1.9696061E7,5626047.0))
(44129210,(1.391573E7,4786433.0))
(82078011,(3567228.0,47299.0))
(59049000,(4468632.0,1270449.0))
(3049999,(1.2227462E7,4163436.0))
(40052000,(1.4792287E7,6600762.0))
(73102111,(3.28486484E8,9.7224537E7))
(3081100,(454.0,90.0))
(48139010,(4.0604224E7,1.0817055E7))
(2071399,(1.5217349E7,1.8661269E7))
(71042900,(2.0983733E7,54543.0))
(4051090,(6.1123163E7,1.0939809E7))
(72091500,(3.5302058E7,3.3328334E7))
(73170060,(2.2152234E7,7941042.0))
(72025000,(407578.0,19553.0))
(28046900,(2.97835864E8,1.07388428E8))
(52051400,(99606.0,21904.0))
(60064100,(879204.0,112695.0))
(60069000,(3.7137485E7,2291178.0))
(17011390,(5712925.0,1997856.0))
(62046259,(2.0749408E7,735793.0))
(52082900,(6228565.0,787835.0))
(45039000,(2584091.0,144840.0))
(85192091,(313082.0,3568.0))
(57032100,(2.0304624E7,5753113.0))
(90282000,(3.27964852E8,1.1948448E7))
(29239000,(1.01797761E8,4.7937496E7))
(20097199,(1.09648032E8,1.68995547E8))
(41071211,(1832584.0,62985.0))
(4039071,(8355244.0,5508557.0))
(70181011,(2582565.0,142901.0))
(29242500,(921.0,24.0))
(48043180,(1.4890236E7,1.2486001E7))
(68030010,(2.47943561E8,2.73131294E8))
(72164090,(1824721.0,2054817.0))
(28499030,(4.340314E7,1079364.0))
(44129910,(3843711.0,2112543.0))
(45031090,(3044539.0,131697.0))
(38246019,(1.59201858E8,1.34198736E8))
(90292038,(8.793079E7,611877.0))
(28309085,(5391232.0,208422.0))
(2032990,(4.9335824E7,2.1024638E7))
(95069990,(6.02350444E8,9.2494901E7))
(94052190,(8.0540923E7,5162248.0))
(29024100,(4.0580425E7,3.2047615E7))
(2109990,(1.5153776E7,1.4047628E7))
(4041052,(502727.0,1424371.0))
(18069090,(1.45893219E8,3.5332769E7))
(86072110,(1.4380917E7,1754025.0))
(3023490,(3887043.0,331308.0))
(61041300,(1879560.0,32648.0))
(39263000,(4.37797369E8,3.1174208E7))
(52103900,(2880482.0,68329.0))
(21021010,(5.5132597E7,3863930.0))
(84162020,(1.0465638E7,248616.0))
(72151000,(1.38340821E8,1.06108815E8))
(97019900,(4.9368316E7,309086.0))
(64035939,(3.08742085E8,1292845.0))
(23064100,(3.63617267E8,1.077046235E9))
(22019000,(1.23526522E8,3.414799566E9))
(2032913,(5.4913894E7,1.9299994E7))
(21069051,(438601.0,25392.0))
(19019011,(3187929.0,669562.0))
(87088020,(1.86607269E8,3.7732057E7))
(2045079,(1156053.0,216436.0))
(81029600,(389065.0,12103.0))
(20041010,(1.150950865E9,9.24654536E8))
(28269080,(9520801.0,4400186.0))
(4039099,(2.647421E7,8170358.0))
(85143910,(4984440.0,196982.0))
(91059900,(1.0667019E7,36305.0))
(54011012,(1288075.0,61325.0))
(73071990,(5.4929553E7,6008649.0))
(3053219,(3596652.0,769017.0))
(61153090,(3643626.0,84453.0))
(82081000,(2.1647947E7,952595.0))
(84431310,(5.09378E7,7240858.0))
(26012000,(384726.0,4659814.0))
(3074338,(1.3819198E7,2731229.0))
(8112011,(3993295.0,622269.0))
(28322000,(2.354361E7,3.1830826E7))
(39032000,(1.4526101E7,5570113.0))
(73229000,(3.6256209E7,6375704.0))
(27101991,(3.0700162E7,1.3502957E7))
(2075410,(660726.0,51424.0))
(2074451,(1.0505212E7,707828.0))
(84659300,(1.1505831E7,846791.0))
(85059021,(6355608.0,189591.0))
(6011090,(2.28245E7,8355077.0))
(84818081,(3.00467213E8,1.431048E7))
(90051000,(3.9078557E7,433838.0))
(70109051,(4.1237175E7,6.4088836E7))
(37025600,(945233.0,9421.0))
(72241090,(1.21196914E8,2.8412222E7))
(28091000,(1015157.0,325752.0))
(28442099,(160648.0,16.0))
(64031200,(1196827.0,39824.0))
(48025890,(8.9476419E7,4.5776222E7))
(70022090,(5617947.0,111667.0))
(72149110,(2.52227391E8,3.30610341E8))
(84081079,(2.5720249E7,979623.0))
(29054900,(5.1991344E7,1.0579155E7))
(18063210,(3.32231263E8,5.8383559E7))
(56060010,(2028490.0,119105.0))
(85367000,(9.4023729E7,2064215.0))
(44181990,(2.1250303E7,2860176.0))
(54033300,(2305060.0,267882.0))
(87131000,(9.2088466E7,7056629.0))
(32081090,(3.26490011E8,6.2728895E7))
(55144900,(1435742.0,128245.0))
(20089100,(3.8435461E7,1.1563496E7))
(72092690,(2.5298123E7,2.6526733E7))
(51119098,(7362531.0,201693.0))
(55144200,(2.3116842E7,2717394.0))
(3036930,(425946.0,95719.0))
(46019410,(2453416.0,890381.0))
(22042226,(1.0994319E7,3781913.0))
(72191390,(1.89120145E8,1.33926549E8))
(15021090,(8126134.0,5526031.0))
(72221910,(1.8117539E7,3079843.0))
(38089240,(8280888.0,305931.0))
(84271010,(1.138490192E9,1.5299843E8))
(62071900,(7542097.0,411731.0))
(85052000,(1.22229692E8,5315179.0))
(82076030,(1.4924771E7,61336.0))
(95066910,(44241.0,9099.0))
(72221119,(1.2342687E7,3661473.0))
(16029069,(2097512.0,415167.0))
(87012490,(476025.0,81946.0))
(39053000,(4.5898447E7,1.1422155E7))
(96063000,(2106814.0,44176.0))
(84137065,(1.6457905E7,750567.0))
(3023980,(1167962.0,138573.0))
(10063021,(352354.0,336337.0))
(31024090,(4.1379469E7,1.19893282E8))
(64029996,(3.81185315E8,1.1896652E7))
(41041951,(1.4364234E7,2343237.0))
(52121190,(470103.0,60308.0))
(59070000,(2.6652304E7,2030992.0))
(2072610,(1.29586399E8,2.0958496E7))
(3061990,(3761801.0,575254.0))
(44012100,(5.6624574E7,6.14524277E8))
(62046931,(485311.0,36551.0))
(82119500,(1189430.0,34116.0))
(90131010,(2.8133504E7,21886.0))
(74020000,(1.5389076E7,2199418.0))
(68132000,(989710.0,2767.0))
(34031980,(6.39926684E8,1.44168663E8))
(29201900,(1130167.0,96850.0))
(48010000,(4.62805438E8,6.67289592E8))
(29322090,(1.08222762E8,1.2968888E7))
(85392130,(8.0400291E7,2353840.0))
(72083800,(4.860774E8,6.48546191E8))
(57032919,(2.9299826E7,4684667.0))
(34031910,(5.1160327E7,1.3398088E7))
(3025940,(1.2490968E7,5007138.0))
(3043300,(9155686.0,1424703.0))
(16041291,(7115457.0,1519862.0))
(29124900,(1.140001E7,490140.0))
(12119030,(4740160.0,207911.0))
(2074521,(84672.0,20160.0))
(92099400,(2.0149865E7,800826.0))
(90069900,(8478664.0,211495.0))
(22086011,(5.51265268E8,9.2712409E7))
(71012100,(2356309.0,306.0))
(90261021,(3.98893594E8,5807008.0))
(44081015,(5931434.0,7116752.0))
(84622900,(4.3934283E7,2872285.0))
(37029800,(460590.0,7103.0))
(22042926,(1.2066395E7,5393332.0))
(72163110,(6.7603037E7,8.3977955E7))
(49081000,(4940166.0,90093.0))
(69072100,(9.49177378E8,1.418613946E9))
(84359000,(1.2158381E7,244727.0))
(94013900,(3.3064596E8,3.7070731E7))
(4101091,(9279.0,1608.0))
(20021011,(1.0593958E7,9286941.0))
(4029999,(1843226.0,706853.0))
(39151000,(6.1236661E7,2.10982245E8))
(32110000,(2.2614157E7,3315606.0))
